 120   5
9999  21  55  66  41  85  19  75  65  14  84  45  62  49 108  56  19  94  56  91  26  83  49  38  26  10  88  40  37  57  99
  43  41  10  10  79  40  27  75  21  41  25  67  39  71  46  24  65  18  70  90  14  26  30 108  32  71  67  17  36  19  57
  61  70  19  29  43  92  83  10  61  85  32  37  77  91  89  73  77  44  90  83  50  94  45  34   7  97  24  35  14  75  50
  81  27  70  55  74  89  70  57  37  44  70  53  55  73  84  69  29  54  38  30  66  99  32  89  45  41  84  46
  219999  38  45  32  85   8  62  58   7  84  56  60  30  90  41  22  77  58  73  45  63  36  23  39  29  71  21  41  38  81
  26  55  10  11  64  22  46  54  27  43   4  47  20  65  40   4  70  33  52  72   8   8  47  91  47  61  56   3  15  26  56
  63  49  30  21  44  84  69  31  67  66  27  17  77  85  82  72  70  54  79  74  30  78  52  46  24  79  43  53  14  67  31
  63  38  50  38  70  84  54  47  17  36  56  34  34  73  79  53  19  49  43  13  52  82  18  70  37  52  65  35
  55  389999  31  22  68  46  25  34  42  68  64  44  10  52   5  41  38  52  36  70  33  11  17  58  58  33  40  44  44  44
  12  70  46  46  26  44  69  33  44  43  35  26  41  40  28  37  64  56  14  36  47  41  67  53  66  28  23  41  30  45  45
  53  36  51  27  40  53  31  63  64  30  30  35  62  58  54  55  43  61  42  41  13  39  56  61  54  42  71  74  53  38  42
  26  53  23  55  47  57  16  18  37  22  19   7  25  59  53  14  27  32  49  44  15  44  23  36  23  62  31  17
  66  45  319999  50 100  50  51  66  52 100  91  75  25  59  37  61  51  82  40  89  24  41  38  80  74  47  30  71  21  48
  32  94  56  56  48  34  89  10  65  71  41   7  32  72  57  42  95  75  31  38  53  42  88  62  88  58  54  49  30  66  76
  84   5  71  49  69  82  53  76  94  34  55  30  93  88  84  87  74  88  67  70  22  53  84  85  69  47  88  95  57  68  24
  35  76  14  35  78  87  40  50  31  51  46  25  11  91  84  37  48  64  76  41  44  53  41  33  52  88  31  46
  41  32  22  509999  55  40  35  25  32  54  41  29  25  71  20  23  56  32  57  50  56  12  14  37  40  50  45  21  56  65
  18  47  35  34  40  49  48  55  24  21  32  47  46  32   8  34  45  36  36  57  38  38  45  70  44  30  26  33  33  25  27
  34  55  31  12  18  52  43  47  43  52   9  39  47  53  50  41  38  38  50  43  28  56  34  39  37  62  51  53  45  35  52
  47  31  45  63  37  51  32  17  41   4  31  26  41  43  46  32  13  17  26  43  27  62  15  59   5  39  53   6
  85  85  68 100  559999  92  55  34  82   1  47  26  76  89  63  67  77  29  87  76  95  60  69  63  78  74 100  47 110  90
  72  58  84  82  62 104  73 101  63  43  86  94 101  29  46  88  23  69  73  88  89  93  67  85  64  45  48  85  89  65  28
  23 105  66  65  42  34  61  85  28  85  58  94   8  25  28  13  29  46  52  41  80  75  42  58  78  88  80  71  95  35 106
  79  59  90 118  22  23  64  50  96  52  58  75  93  12  22  67  66  38  47  97  58  83  70  93  50  51  88  56
  19   8  46  50  40  929999  70  66   9  91  60  67  38  97  49  26  85  64  80  45  69  44  31  42  29  79  21  46  39  88
  33  57  10  12  72  21  46  59  32  49  10  52  20  72  47   8  76  34  60  78   5   8  48  99  49  69  64   6  20  30  63
  69  53  33  28  50  92  77  29  72  73  34  19  84  93  90  79  78  58  87  82  37  86  57  49  24  86  43  53   7  75  31
  70  41  56  36  77  91  62  55  18  44  64  42  38  80  86  61  27  56  48  11  60  90  26  76  45  55  72  43
  75  62  25  51  35  55  709999  24  64  55  69  37  35  38  21  58  24  50  32  84  40  26  39  70  76  19  65  51  68  35
  37  78  68  67   7  70  83  49  59  49  60  44  67  27  33  62  60  71  20  33  70  66  79  37  77  11  10  64  55  61  41
  48  55  66  45  44  31   8  82  61  29  44  60  51  37  33  45  26  66  17  18  38  23  60  71  72  33  86  86  76  20  67
  23  65  38  80  33  37  11  18  62  31   6  32  49  50  35  14  46  31  56  69  10  30  44  37  31  69  33  29
  65  58  34  66  25  34  66  249999  57  34  46  12  43  63  29  46  48  26  56  67  61  26  38  52  62  44  69  32  77  60
  39  56  60  59  31  73  64  66  44  28  57  60  70   6  19  59  35  55  39  57  64  64  60  60  57  13  15  59  57  46  17
  24  71  50  37  24  27  32  69  37  53  33  63  28  27  24  21  12  43  31  20  46  47  38  51  60  58  70  66  71  10  74
  47  47  55  87  12  25  31  15  65  22  26  41  59  26  21  33  39  11  36  68  24  55  41  61  20  47  56  24
  14   7  42  52  32  82   9  64  579999  81  50  58  35  95  44  17  81  55  78  38  69  37  25  33  22  75  28  36  45  86
  30  49   4   4  67  28  39  61  22  40  11  53  27  64  39  11  66  26  56  77   6  14  40  95  40  62  57   4  22  21  54
  59  56  24  20  40  84  71  24  62  71  25  24  74  84  82  70  70  48  80  75  36  82  47  40  17  84  36  46  13  67  38
  67  32  55  44  68  83  57  48  24  36  59  39  40  70  78  56  19  47  38  18  54  86  19  75  37  46  70  36
  84  84  68 100  54   1  91  55  34  819999  46  25  76  89  63  66  77  28  87  75  95  59  68  62  77  74  99  46 110  90
  71  57  83  81  62 103  72 100  62  42  85  94 100  29  45  87  22  68  73  88  88  92  66  86  63  44  48  84  88  64  28
  22 105  65  64  41  34  61  84  27  85  57  94   7  25  28  12  29  45  52  41  79  75  41  57  77  88  79  70  94  35 106
  79  58  89 118  22  24  64  49  95  51  58  74  92  11  22  66  65  37  46  97  57  83  70  93  50  50  88  55
  45  56  64  91  41  47  60  69  46  50  469999  36  66 108  61  34  93  21  97  29  97  53  53  20  36  88  76  20  91 103
  59  11  49  48  75  78  26  96  28  21  59  88  76  49  37  60  24  27  76  97  55  64  20 106  17  59  58  54  67  29  29
  27  96  27  42  25  68  77  42  19  92  36  71  40  63  63  40  54   3  77  66  69  92   8  12  38 101  33  24  59  56  85
  87  18  86  94  48  61  71  52  72  42  68  67  80  36  56  72  43  37  15  69  64  99  50  99  41   5  94  47
  62  60  44  75  29  26  67  37  12  58  25  369999  51  75  38  43  61  14  68  60  73  34  43  46  58  56  74  26  84  73
  46  47  60  58  44  78  57  77  41  22  60  70  75  12  20  62  23  50  51  69  64  67  52  72  49  26  27  60  62  43   6
  11  80  46  39  19  32  44  65  25  65  33  68  18  29  28  12  18  33  42  30  54  59  28  43  57  70  63  58  71  20  80
  59  40  66  92  12  27  43  25  70  26  38  50  67  15  22  45  40  12  28  72  36  67  44  73  24  38  68  30
  49  30  10  25  25  76  38  35  43  35  76  66  519999  59  15  38  47  57  42  68  34  16  13  57  54  41  29  46  34  50
   7  70  39  39  36  34  67  30  42  46  27  22  31  49  32  29  70  53  22  41  39  32  66  61  65  38  33  34  20  43  51
  59  30  49  25  43  64  41  58  68  35  30  25  69  68  64  63  53  63  53  51   3  48  59  61  49  48  68  73  45  48  32
  32  52  21  45  55  67  26  27  27  26  29   4  16  66  63  24  24  39  51  34  26  52  18  40  27  63  35  21
 108  90  52  59  71  89  97  38  63  95  89 108  75  599999  51  93  15  89  19 121  35  60  69 108 110  20  85  90  80  11
  65 116  99  98  32  90 120  50  95  87  87  52  87  63  72  89  98 107  38  21  99  91 116   5 114  49  49  93  78  96  80
  87  60 102  79  83  57  30 116 100  25  80  82  86  66  62  81  61 105  37  48  60  15  99 109 107  12 123 124 105  56  82
  27 102  45  94  68  67  38  56  84  68  40  55  64  86  67  39  79  70  95  92  44   8  75  26  68 107  28  65
  56  41   5  37  20  63  49  21  29  44  63  61  38  15  519999  41  37  48  37  70  36   8  18  57  59  31  44  41  50  44
  16  68  48  47  22  49  69  38  43  40  39  31  46  35  24  41  60  55  15  37  49  45  66  51  64  23  18  44  34  45  40
  48  42  50  27  36  48  27  64  60  31  29  40  56  52  48  50  38  58  38  36  18  38  53  59  55  42  71  73  56  32  47
  26  52  27  60  41  51  13  13  41  18  15  12  31  54  48  12  28  28  46  48  11  43  24  38  19  59  33  14
  19  22  41  61  23  67  26  58  46  17  66  34  43  38  93  419999  79  38  78  29  73  33  25  19  17  73  42  20  58  86
  31  34  17  15  62  44  28  68   5  23  25  60  42  52  27  26  49  14  56  78  22  30  27  93  27  53  49  20  34   5  38
  43  65  10  14  25  73  66  23  45  72  13  37  59  72  70  55  58  31  73  65  40  79  30  25  14  84  29  34  28  56  52
  67  16  60  60  55  70  54  40  38  26  54  41  49  55  65  54  14  35  21  35  49  85  20  78  27  29  73  29
  94  77  38  51  56  77  85  24  48  81  77  93  61  47  15  37  799999  74  14 106  30  45  55  93  96   5  74  75  71  13
  51 101  85  85  17  79 105  44  80  72  74  43  76  50  57  76  84  92  25  16  86  79 101  14 100  34  34  80  66  82  65
  72  53  87  65  68  46  16 102  86  17  65  71  73  54  50  67  48  90  25  36  48   2  84  94  92  11 108 109  92  42  73
  16  87  36  85  55  55  24  41  72  53  25  43  54  72  55  24  65  55  80  81  29   6  61  22  53  92  21  50
  56  58  52  82  32  29  64  50  26  55  28  21  14  57  89  48  38  749999  81  48  84  41  46  35  49  70  75  18  88  86
  51  33  55  54  57  78  45  85  34  15  60  78  76  27  24  61  13  40  62  81  61  66  39  87  36  40  40  58  64  36   8
   6  87  37  39  15  46  58  56  12  77  32  70  21  41  41  19  32  19  56  45  60  73  14  30  49  84  52  44  66  35  83
  71  30  75  94  26  39  54  36  71  31  50  57  73  17  34  56  40  20  18  71  47  81  46  84  29  24  79  35
  91  73  36  40  57  87  80  32  56  78  87  97  68  42  19  37  78  14  819999 107  16  46  53  94  95  13  66  78  61   8
  48 105  82  82  25  71 106  31  81  76  69  33  68  59  60  71  92  93  22   2  81  73 103  22 102  43  41  76  60  82  72
  80  41  88  64  72  58  26 100  92   6  66  63  83  67  62  77  58  94  38  47  42  16  89  97  91   7 108 110  87  52  63
  10  89  26  75  65  67  26  45  65  55  30  38  45  82  66  25  64  61  83  74  33  13  59   8  56  96   9  51
  26  45  70  89  50  76  45  84  67  38  75  29  60  68 121  70  29 106  48 1079999 102  61  54  14  16 101  66  34  83 114
  60  20  35  34  90  66   3  96  26  38  49  88  65  71  51  49  53  14  85 107  40  52   9 121  12  77  74  42  60  25  53
  54  93  19  43  42  92  93  17  48 101  41  62  69  89  88  67  77  30  97  87  69 106  34  18  21 112   4   9  41  77  76
  96  20  89  81  72  87  82  66  62  53  81  70  77  65  82  82  43  55  31  56  77 113  49 107  53  25 102  56
  83  63  33  24  56  95  69  40  61  69  95  97  73  34  35  36  73  30  84  16 1029999  44  47  91  89  27  53  77  45  24
  41 103  73  73  34  57 102  15  76  76  59  18  55  65  60  60  96  88  22  14  72  62 100  38  99  50  47  67  49  77  76
  84  25  83  59  72  70  38  93  96  12  63  51  89  77  73  83  66  94  51  58  33  32  89  94  84  23 102 107  77  60  48
  17  86  13  59  72  77  30  48  53  55  36  31  31  88  75  28  59  64  82  62  37  30  53   9  55  95   8  50
  49  36  11  41  12  60  44  26  26  37  59  53  34  16  60   8  33  45  41  46  61  449999  13  48  50  39  42  33  50  53
  13  59  41  40  29  47  60  44  35  32  34  36  44  33  17  36  54  47  24  45  43  40  57  60  56  25  20  38  31  36  34
  43  46  42  19  29  49  34  56  53  40  20  37  53  52  49  46  37  50  43  38  20  46  45  51  47  51  62  64  50  33  47
  35  43  34  60  39  51  21  12  39  11  21  15  33  50  47  21  20  22  38  44  17  51  18  47  12  51  41   6
  38  23  17  38  14  69  31  39  38  25  68  53  43  13  69  18  25  55  46  53  54  47  139999  43  41  50  31  33  42  61
   6  56  29  29  41  35  54  43  29  33  21  35  32  44  22  23  59  40  32  53  30  27  52  70  51  38  33  25  20  29  41
  49  43  35  11  31  62  46  46  57  47  17  25  61  64  61  55  49  50  56  51  16  56  46  48  37  59  55  59  37  45  37
  43  39  35  49  50  63  32  24  27  16  33  16  27  58  59  31  11  31  38  31  29  61   5  52  18  50  47  13
  26  39  58  80  37  63  42  70  52  33  62  20  46  57 108  57  19  93  35  94  14  91  48  439999  16  87  60  20  77 102
  49  15  31  30  76  61  12  87  14  24  43  78  60  57  37  43  42   7  72  94  37  47   8 107   8  63  60  37  53  14  39
  41  85   9  31  28  78  79  22  37  89  28  56  56  75  74  54  63  19  83  73  59  93  21   7  19  99  17  16  40  63  70
  84   5  79  77  58  73  69  52  56  39  67  59  68  52  68  69  32  41  17  52  63  99  39  95  39  15  90  43
  10  29  58  74  40  78  29  76  62  22  77  36  58  54 110  59  17  96  49  95  16  89  50  41  169999  90  50  32  67 103
  47  30  19  18  80  50  17  82  17  36  33  74  49  67  43  33  57   8  73  94  24  36  20 110  21  70  66  26  44  15  52
  55  78  12  31  39  88  84   7  53  89  31  46  70  87  85  67  73  35  90  82  55  96  37  24   5 101  14  24  25  72  60
  84  19  76  65  70  85  72  57  46  44  71  57  62  66  80  71  31  50  30  40  67 102  36  94  44  31  89  46
  88  71  33  47  50  74  79  19  44  75  74  88  56  41  20  31  73   5  70  13 101  27  39  50  87  909999  69  69  67  16
  45  96  79  79  12  74  99  40  75  67  68  39  71  46  51  70  80  87  19  15  80  73  96  20  94  30  30  74  61  76  61
  68  49  82  59  63  44  13  96  81  14  60  65  70  53  48  64  45  85  25  33  42   7  79  89  86  14 102 103  86  39  68
  11  82  32  80  52  53  18  36  67  48  20  37  49  69  52  18  59  50  74  75  24  12  55  21  48  87  19  44
  40  21  40  30  45 100  21  65  69  28  99  76  74  29  85  44  42  74  75  66  66  53  42  31  60  50  699999  59  17  75
  29  76  31  32  65   5  67  40  48  61  17  34   2  76  53  17  88  54  50  64  26  14  68  87  68  67  62  24  11  47  72
  79  33  51  36  60  92  70  50  85  59  43   5  92  95  92  87  80  74  82  80  27  76  72  67  45  73  64  74  28  76  10
  58  58  40  18  81  94  55  55   4  48  59  33  21  89  90  53  35  62  63  11  55  78  29  61  49  72  57  45
  37  41  44  71  21  47  46  51  32  36  46  20  26  46  90  41  20  75  18  78  34  77  33  33  20  32  69  599999  73  84
  39  26  37  36  57  62  32  76  16   4  43  68  59  36  18  44  29  24  57  78  42  49  28  88  25  43  41  40  49  18  20
  23  76  20  23   7  57  60  39  26  73  16  54  39  55  53  35  42  17  62  52  49  74  13  19  31  82  37  34  48  42  68
  67  14  66  78  38  53  51  33  55  22  49  47  60  35  48  52  24  21   5  54  45  81  31  80  21  18  74  27
  57  38  44  21  56 110  39  68  77  45 110  91  84  34  80  50  58  71  88  61  83  45  50  42  77  67  67  17  739999  69
  38  92  48  49  66  18  84  30  63  75  34  28  18  84  64  34 101  71  49  59  43  31  85  83  85  73  68  41  24  63  83
  91  21  68  50  73  98  71  68  99  55  57  21 103 102  98  97  87  89  85  85  31  73  86  83  62  68  81  91  45  82   7
  55  74  35  14  90 101  57  62  21  58  62  37  19 100  97  54  49  72  77  28  59  74  42  54  60  88  52  54
  99  81  44  48  65  90  88  35  60  86  90 103  73  50  11  44  86  13  86   8 114  24  53  61 102 103  16  75  84  699999
  56 111  90  90  28  79 113  39  88  82  77  41  77  62  66  79  96 100  29  10  90  81 110  14 109  46  46  84  68  89  77
  84  49  95  72  78  59  29 108  97  15  73  72  86  68  63  80  61 100  39  49  51  15  95 104  99   2 116 118  96  55  71
  18  96  34  83  68  68  32  51  74  62  35  46  53  85  68  32  72  66  90  83  39   8  67  15  62 102  17  58
  43  26  12  32  18  72  33  37  39  30  71  59  46   7  65  16  31  51  51  48  60  41  13   6  49  47  45  29  39  38  56
9999  63  34  33  38  34  60  37  35  39  23  29  31  46  26  25  64  46  26  47  34  29  58  65  57  37  32  29  18  36  45
  53  37  42  18  37  62  43  52  62  41  23  24  65  65  62  59  50  56  54  51  10  52  52  54  43  54  61  65  41  46  34
  38  45  29  47  52  64  28  25  26  20  31  10  22  61  60  27  17  34  44  32  27  56  11  46  21  56  41  16
  41  55  70  94  47  58  57  78  56  49  57  11  47  70 116  68  34 101  33 105  20 103  59  56  15  30  96  76  26  92 111
  639999  47  45  84  77  17 100  29  29  59  92  75  59  44  59  35  23  83 105  52  63  11 115   9  69  67  53  68  29  40
  38  99  24  45  33  79  86  35  30  99  40  71  51  74  74  51  65  13  87  77  72 101  18   9  34 109  24  13  55  67  86
  94  18  91  93  59  72  78  60  72  49  76  72  83  48  68  79  46  46  21  68  72 108  53 106  48   9 101  53
  10  10  46  56  35  84  10  68  60   4  83  49  60  39  99  48  17  85  55  82  35  73  41  29  31  19  79  31  37  48  90
  34  479999   1  71  31  36  65  21  40  15  57  30  66  41  14  66  24  61  81   5  17  37  99  38  65  60   7  26  20  55
  60  60  22  23  42  87  75  20  63  75  27  27  76  87  84  71  72  47  84  78  40  86  47  38  14  88  33  43  11  70  41
  72  31  60  46  70  85  61  51  27  39  62  43  44  72  80  60  22  50  38  21  58  90  23  79  40  44  75  39
  10  11  46  56  34  82  12  67  59   4  81  48  58  39  98  47  15  85  54  82  34  73  40  29  30  18  79  32  36  49  90
  33  45   19999  70  32  35  65  20  39  15  57  31  65  40  15  65  22  60  81   7  18  36  99  37  64  59   8  26  19  54
  59  60  21  22  40  86  74  20  61  75  26  28  74  86  83  70  71  46  83  77  40  85  45  37  13  88  32  42  12  69  42
  71  29  60  48  69  84  61  50  28  38  62  43  45  70  79  60  21  48  37  22  57  90  23  79  39  43  75  38
  79  64  26  48  40  62  72   7  31  67  62  75  44  36  32  22  62  17  57  25  90  34  29  41  76  80  12  65  57  66  28
  38  84  71  709999  70  88  44  64  55  61  41  67  34  39  63  67  76  17  26  72  67  84  31  82  18  17  67  56  65  48
  55  52  71  49  51  36   5  86  68  23  49  61  58  43  38  52  33  72  18  23  38  17  67  77  77  26  91  91  79  27  66
  17  70  34  79  40  43  10  24  63  36   8  32  47  57  41  12  50  38  62  70  13  24  47  31  36  75  26  33
  40  22  44  34  49 104  21  70  73  28 103  78  78  34  90  49  44  79  78  71  66  57  47  35  61  50  74   5  62  18  79
  34  77  31  32  709999  67  44  49  64  19  39   3  80  57  18  91  54  55  69  26  14  68  92  69  72  67  24  15  49  75
  82  36  52  39  63  97  75  50  88  64  46   9  96 100  96  90  85  76  87  85  32  81  74  68  45  78  64  74  26  80  11
  63  60  45  16  85  98  60  59   8  52  64  38  26  92  94  58  38  66  65  10  60  83  33  66  53  74  62  49
  27  46  69  89  48  73  46  83  64  39  72  26  57  67 120  69  28 105  45 106   3 102  60  54  12  17  99  67  32  84 113
  60  17  36  35  88  679999  96  25  36  50  88  66  69  49  50  50  13  84 106  41  53   6 119   9  75  72  43  60  24  50
  51  93  18  42  40  90  91  19  45 100  39  63  66  86  85  64  75  27  95  85  69 105  31  15  22 111   7   7  42  75  77
  95  18  89  82  69  84  81  64  63  51  79  70  77  62  79  81  42  53  28  57  75 111  49 106  51  22 101  55
  75  54  33  10  55 101  59  49  66  61 100  96  77  30  50  38  68  44  85  31  96  15  44  43  87  82  40  40  76  30  39
  37 100  65  65  44  44  969999  72  76  50   8  43  72  61  51  98  82  28  29  62  51  95  53  95  57  53  58  39  73  78
  86  10  78  55  73  80  48  85  97  26  60  40  94  86  82  88  73  93  63  67  27  46  89  91  77  38  96 102  67  67  34
  29  82  11  44  78  86  38  51  41  55  43  29  20  92  83  35  54  66  81  50  43  45  47  24  56  93  22  50
  21  27  44  65  24  63  32  59  44  22  62  28  41  42  95  43   5  80  34  81  26  76  35  29  14  17  75  48  16  63  88
  35  29  21  20  64  49  25  729999  19  30  64  47  50  26  31  45  12  59  80  27  35  23  95  22  53  49  26  39   2  35
  39  70   7  17  22  71  67  24  41  75  14  43  55  70  68  51  56  26  73  64  44  80  25  20  16  86  27  30  32  55  57
  70  11  64  65  53  68  56  40  43  27  55  45  54  51  63  56  18  33  17  40  51  87  24  81  27  24  76  30
  41  43  43  71  21  43  49  49  28  40  42  21  22  46  87  40  23  72  15  76  38  76  32  33  24  36  67  61   4  75  82
  39  29  40  39  55  64  36  76  199999  45  68  61  32  16  46  27  28  55  76  46  51  31  86  28  40  38  43  51  21  16
  20  76  24  25   4  54  57  43  24  71  17  56  35  51  50  31  38  18  59  49  49  72  13  22  35  80  41  38  51  39  69
  65  18  66  80  34  49  50  31  57  21  47  47  61  31  44  51  26  17   7  56  43  79  32  78  20  20  73  26
  25   4  35  41  32  86  10  60  57  11  85  59  60  27  87  39  25  74  60  69  49  59  34  21  43  33  68  17  43  34  77
  23  59  15  15  61  19  50  50  30  459999  42  17  64  40   2  72  37  49  68  12   6  51  88  51  59  54   8  11  30  57
  64  45  34  21  45  83  66  35  69  62  28  13  78  85  81  73  69  56  77  72  26  75  55  50  28  76  48  57  18  66  27
  59  41  46  35  69  83  51  45  13  35  54  31  29  74  78  50  20  49  46  11  50  79  16  66  37  55  61  34
  67  47  26   7  47  94  52  44  60  53  94  88  70  22  52  31  60  43  78  33  88  18  36  35  78  74  39  34  68  28  41
  29  92  57  57  41  39  88   8  64  68  429999  37  65  53  43  91  74  24  31  55  44  87  55  86  52  47  50  31  64  71
  79  11  70  47  65  75  45  77  90  27  52  33  88  81  77  81  68  85  59  62  19  46  81  83  69  40  88  94  60  62  30
  27  74   7  42  72  81  33  44  35  47  38  21  13  85  78  30  46  59  73  44  37  46  39  26  48  85  24  42
  39  20  41  32  46 101  20  67  70  27 100  76  75  31  87  46  42  76  76  68  65  55  44  32  60  49  71   2  59  18  77
  31  75  30  31  67   3  66  43  47  61  17  379999  77  54  16  88  53  52  67  25  13  67  89  67  69  63  23  12  47  72
  80  35  51  37  61  94  72  49  85  62  44   6  93  97  93  87  81  73  84  82  29  78  72  67  44  75  63  73  26  77  11
  60  58  42  18  82  95  57  56   5  49  61  35  23  89  91  55  35  63  63   9  57  80  30  63  50  72  60  46
  71  65  40  72  32  29  72  27   6  64  29  49  12  49  63  35  52  50  27  59  71  65  33  44  57  67  46  76  36  84  62
  46  59  66  65  34  80  69  72  50  32  64  65  779999  25  66  34  60  44  60  70  71  63  61  61  16  18  66  64  52  19
  23  76  55  44  29  21  33  74  37  56  39  70  24  20  18  18   6  46  29  17  53  48  40  55  66  60  74  70  77   8  81
  50  51  60  93   6  18  35  21  72  28  29  47  65  23  14  37  45  17  40  75  28  56  47  64  27  50  59  30
  46  40  28  57   8  46  47  33  19  39  45  37  20  32  72  24  27  57  24  60  51  60  17  22  37  43  51  53  18  64  66
  26  44  41  40  39  57  49  61  26  16  40  53  54  259999  42  37  38  39  60  45  47  45  70  43  26  23  41  42  28  18
  26  63  33  19  12  46  42  50  36  55  14  48  38  45  43  33  31  34  46  38  36  56  29  37  41  64  53  52  52  29  60
  49  31  51  72  29  44  34  15  49   6  31  32  48  35  39  34  20   8  23  51  27  63  24  62   5  36  57  11
  24   4  37  42  34  88   8  62  59  11  87  60  62  29  89  41  26  76  61  71  49  60  36  23  43  33  70  17  44  34  79
  25  59  14  15  63  18  50  51  31  46   2  43  16  66  429999  73  37  51  69  11   5  51  90  51  61  56   7  12  30  59
  65  46  34  23  46  85  68  35  70  64  29  13  80  86  83  74  71  57  79  74  28  77  56  50  28  77  47  57  16  68  27
  61  42  47  34  71  85  53  47  13  37  56  33  30  76  80  52  21  51  47   9  52  81  18  68  39  55  63  36
  65  70  64  95  45  23  76  60  35  66  22  24  23  70  98  60  49  84  13  92  53  96  54  59  42  57  80  88  29 101  96
  64  35  66  65  67  91  50  98  45  27  72  91  88  34  37  739999  48  74  92  72  78  44  96  41  49  50  70  77  46  20
  12 100  46  51  27  50  68  64   5  88  44  82  17  43  44  19  38  23  64  51  73  83  20  35  59  94  57  48  77  42  96
  82  38  87 107  31  41  66  48  84  43  61  70  86  15  37  68  53  32  28  83  59  91  59  96  42  28  91  48
  18  33  56  75  36  69  34  71  55  26  68  27  50  53 107  55  14  92  40  93  14  88  47  40   7   8  87  54  24  71 100
  46  23  24  22  76  54  13  82  12  28  37  74  53  60  38  37  489999  71  92  29  40  14 107  14  64  61  30  47  10  44
  46  80   5  28  31  81  79  15  44  87  26  50  61  79  77  59  66  26  84  75  55  92  28  15  11  98  15  20  32  66  64
  82  10  75  70  62  77  68  52  50  39  67  56  63  57  72  68  29  43  22  45  63  99  35  92  39  22  87  42
  70  52  14  31  36  73  60  20  39  56  73  76  51  22  38  15  56  25  62  22  85  22  24  32  72  73  19  50  57  49  29
  26  83  61  60  17  55  84  28  59  55  49  24  52  44  39  51  74  719999  21  61  54  81  39  80  29  25  55  41  60  54
  62  35  66  42  51  51  21  78  74  16  44  46  67  58  53  61  45  73  35  38  23  26  68  75  69  27  86  89  67  39  49
  11  67  17  62  50  57   9  26  48  34  15  18  30  66  55   6  42  42  62  56  15  29  37  23  35  75  17  29
  90  72  36  38  57  88  78  33  57  77  88  97  69  41  21  37  78  16  81   2 107  14  45  53  94  94  15  64  78  59  10
  47 105  81  81  26  69 106  29  80  76  68  31  67  60  60  69  92  92  219999  80  72 103  24 101  44  42  75  59  82  73
  80  39  87  63  72  60  28  99  93   5  66  62  84  68  64  78  59  94  40  49  41  19  89  97  90   9 107 110  86  53  61
  10  89  24  73  66  68  26  45  64  55  31  37  43  83  67  25  63  61  83  73  33  15  58   6  56  96   7  51
  14   8  47  53  38  89   5  70  64   6  88  55  64  39  99  49  22  86  61  81  40  72  43  30  37  24  80  26  42  43  90
  34  52   5   7  72  26  41  62  27  46  12  55  25  70  45  11  72  29  61  809999  12  43 100  44  68  63   5  23  26  60
  66  57  28  26  47  90  77  24  68  75  31  23  81  91  88  76  76  53  86  81  39  87  53  44  19  88  38  48   7  73  36
  72  36  58  41  75  89  62  54  23  42  64  43  42  77  84  61  25  54  44  16  60  91  25  79  43  50  74  42
  26   8  41  42  38  93   8  66  64  14  92  64  67  32  91  45  30  79  66  73  52  62  40  27  47  36  73  14  49  31  81
  29  63  17  18  67  14  53  51  35  51   6  44  13  71  47   5  78  40  54  72  129999  54  92  55  65  60  10  13  34  64
  70  45  38  28  51  89  72  36  75  66  34  11  85  91  88  79  76  62  83  79  31  80  60  54  31  80  50  60  15  72  24
  64  46  48  30  76  90  57  52  10  42  60  36  31  81  85  55  26  55  51   5  56  83  23  69  43  60  65  40
  30  47  67  88  45  67  48  79  60  40  66  20  52  66 116  66  27 101  39 103   9 100  57  52   8  20  96  68  28  85 110
  58  11  37  36  84  68   6  95  23  31  51  87  67  63  45  51  44  14  81 103  43  549999 116   3  71  68  44  61  22  45
  45  93  17  40  35  84  87  24  39  97  37  64  60  81  80  58  69  21  90  80  68 101  25   9  24 108  13   7  45  70  78
  92  14  88  84  64  78  78  60  64  48  76  68  77  56  74  78  41  49  23  59  72 108  48 104  48  16  98  52
 108  91  53  62  70  85  99  37  60  95  86 106  72  61   5  51  93  14  87  22 121  38  60  70 107 110  20  87  88  83  14
  65 115  99  99  31  92 119  53  95  86  88  55  89  61  70  90  96 107  39  24 100  92 1169999 113  47  48  94  80  96  78
  84  63 102  79  82  53  28 116  97  28  80  84  83  62  58  78  58 103  33  45  61  14  97 108 107  15 122 123 106  53  85
  28 101  48  97  65  63  38  55  86  67  39  57  66  83  63  39  79  69  93  94  43   9  76  29  67 106  31  64
  32  47  66  88  44  64  49  77  57  40  63  17  49  65 114  64  27 100  36 102  12  99  56  51   8  21  94  68  25  85 109
  57   9  38  37  82  69   9  95  22  28  51  86  67  61  43  51  41  14  80 101  44  55   3 1139999  69  66  44  61  22  42
  42  93  17  39  33  82  85  26  36  96  35  64  57  78  77  55  67  18  88  78  67  99  22   6  25 106  16   9  46  68  78
  91  12  86  85  61  75  76  58  64  46  74  67  76  53  71  76  40  46  21  59  70 106  47 102  46  13  97  50
  71  61  28  58  30  45  69  11  13  62  44  59  26  38  49  23  53  34  40  43  77  50  25  38  63  70  30  67  43  73  46
  37  69  65  64  18  72  75  57  53  40  59  52  69  16  26  61  49  64  29  44  68  65  71  47  699999   5  63  56  55  31
  37  63  59  42  36  25  18  77  51  40  39  62  40  29  25  34  16  56  19  13  42  33  51  63  68  44  80  78  75  10  71
  34  57  46  84  22  29  19  14  64  26  13  36  54  39  26  22  43  22  48  69  14  41  43  48  25  60  43  26
  67  56  23  54  26  48  64  10  15  57  48  58  27  33  49  18  49  34  40  41  74  47  20  33  60  66  30  62  41  68  46
  32  67  60  59  17  67  72  53  49  38  54  47  63  18  23  56  50  61  25  42  63  60  68  48  66   59999  58  51  51  31
  38  58  56  37  34  30  19  73  51  38  35  57  42  34  30  36  20  55  23  18  36  34  49  60  63  43  76  75  70  14  65
  32  54  42  78  25  33  16   9  59  22  11  30  49  41  30  18  38  21  46  64   9  41  38  46  21  58  41  21
  17   3  41  49  33  85   6  64  59   4  84  54  60  34  93  44  20  80  58  76  42  67  38  25  37  26  74  24  40  41  84
  29  53   7   8  67  24  43  58  26  43   8  50  23  66  41   7  70  30  55  75   5  10  44  94  44  63  589999  19  25  56
  63  53  28  21  43  85  71  27  66  69  27  20  77  86  83  72  71  52  81  76  34  81  51  44  21  83  40  50  12  68  34
  66  36  53  40  70  85  57  49  20  37  59  38  37  73  80  56  20  49  42  14  54  85  20  73  38  50  69  37
  36  15  30  30  33  89  20  55  57  22  88  67  62  20  78  34  34  66  64  60  60  49  31  20  53  44  61  11  49  24  68
  18  68  26  26  56  15  60  39  39  51  11  31  12  64  42  12  77  47  41  59  23  13  61  80  61  56  51  199999  39  60
  68  34  44  25  49  81  61  47  75  53  33   5  81  84  80  75  69  64  72  70  18  68  62  59  39  67  59  67  28  64  18
  51  50  35  29  70  83  46  43   7  36  49  24  18  77  78  44  24  50  53  14  45  71  18  56  38  63  52  33
  19  26  45  66  25  65  30  61  46  21  64  29  43  43  96  45   5  82  36  82  25  77  36  29  14  15  76  47  18  63  89
  36  29  20  19  65  49  24  73   2  21  30  64  47  52  28  30  46  10  60  82  26  34  22  96  22  55  51  25  399999  37
  41  70   5  18  24  73  69  22  42  76  16  42  57  72  70  53  58  27  74  66  45  82  26  20  14  87  26  29  31  57  57
  71  11  65  65  55  70  58  42  43  29  57  46  54  53  65  57  18  35  18  39  52  88  25  82  29  25  77  32
  57  56  45  76  27  28  63  41  17  54  28  29   6  51  80  40  38  65   8  72  53  76  34  41  39  52  61  72  20  83  77
  45  40  55  54  48  75  50  78  35  16  57  71  72  19  18  59  20  44  54  73  60  64  45  78  42  31  31  56  60  379999
   8  81  40  36  13  39  49  59  20  68  29  66  20  35  34  16  24  27  48  36  54  64  21  36  51  75  57  51  66  26  79
  62  34  67  90  18  33  46  28  67  25  41  50  67  17  28  48  37  12  22  69  39  72  42  76  23  31  71  29
  61  63  53  84  34  23  69  48  24  59  22  27  11  59  87  48  43  72   6  80  54  84  43  49  41  55  68  79  23  91  84
  53  38  60  59  55  82  51  86  39  20  64  79  80  23  26  65  12  46  62  80  66  70  45  84  42  37  38  63  68  41   8
9999  89  43  43  19  41  56  61  13  76  36  73  15  36  36  13  28  25  53  41  62  71  20  36  55  82  58  50  72  31  86
  70  36  76  98  21  34  54  36  75  33  49  58  75  11  29  56  44  20  24  75  47  79  49  84  31  30  79  37
  70  49  36   5  55 105  53  55  71  56 105  96  80  30  60  42  65  53  87  41  93  25  46  43  85  78  49  33  76  21  49
  37  99  60  60  52  36  93  10  70  76  45  11  35  76  63  46 100  80  35  39  57  45  93  63  93  63  58  53  34  70  81
  899999  76  54  74  86  56  81  99  36  60  33  98  92  88  92  79  93  71  74  27  55  89  90  73  48  92 100  61  73  26
  38  81  18  35  83  92  44  55  35  56  50  30  16  96  89  41  53  69  81  44  49  54  46  34  57  93  32  51
  19  30  51  71  31  66  33  66  50  24  65  27  46  49 102  50  10  87  37  88  19  83  42  35   9  12  82  51  20  68  95
  42  24  22  21  71  52  18  78   7  24  34  70  51  55  33  34  46   5  66  87  28  38  17 102  17  59  56  28  44   5  40
  43  769999  24  27  77  74  19  42  82  21  47  58  75  73  55  61  25  79  70  51  87  26  16  12  93  20  24  32  61  61
  77   8  71  68  58  73  63  47  47  34  62  51  60  54  68  63  24  39  18  43  58  94  31  88  34  22  82  37
  29  21  27  49  12  65  28  45  37  20  64  42  39  25  79  27  14  65  39  64  43  59  19  11  31  31  59  36  23  50  72
  18  45  23  22  49  39  42  55  17  25  21  47  37  44  19  23  51  28  42  63  26  28  40  79  39  42  37  21  25  18  36
  43  54  249999  24  64  53  36  49  58   7  31  57  65  62  51  50  39  61  55  27  65  36  36  27  70  44  47  33  47  44
  53  27  47  55  49  63  41  28  32  16  41  27  38  53  58  40   1  28  27  32  36  71   8  64  17  39  58  16
  43  44  40  69  18  42  50  44  24  40  41  25  19  43  83  36  25  68  15  72  42  72  29  31  28  39  63  60   7  73  78
  37  33  42  40  51  63  40  73  22   4  45  65  61  29  12  46  27  31  51  72  47  51  35  82  33  36  34  43  49  24  13
  19  74  27  249999  50  53  46  25  67  17  55  34  48  46  29  35  21  55  45  46  68  16  27  38  76  45  42  53  35  68
  62  22  63  79  31  46  46  27  56  18  43  44  59  30  41  47  25  13  12  56  39  75  31  75  17  24  69  23
  92  84  53  82  52  34  92  31  27  84  34  68  32  64  57  48  73  46  46  58  92  70  49  62  78  88  44  92  57  98  59
  62  79  87  86  36  97  90  80  71  54  83  75  94  21  46  85  50  81  51  60  90  89  84  53  82  25  30  85  81  73  39
  41  86  77  64  509999  32  95  53  58  60  87  33   9   5  30  15  66  20  12  67  43  60  75  87  57  95  90  97  17  96
  53  72  69 109  20  10  42  37  89  48  36  61  79  35  12  45  65  38  61  93  38  51  66  66  47  70  62  49
  83  69  31  53  43  61  77   8  32  71  61  77  44  41  30  27  66  16  58  26  93  38  34  46  79  84  13  70  60  71  29
  43  86  75  74   5  75  91  48  67  57  66  45  72  33  42  68  68  79  21  28  77  72  87  28  85  18  19  71  61  69  49
  56  56  74  53  53  329999  90  69  25  53  66  57  40  36  51  32  74  14  20  43  15  69  79  80  27  95  94  83  26  71
  20  73  38  84  39  40  15  27  68  40  12  37  52  56  39  17  54  40  65  75  17  23  51  33  40  77  30  37
  10  31  63  76  47  85  29  82  69  24  84  42  65  58 116  64  23 102  56 100  17  93  56  46  22   7  96  50  39  68 108
  52  35  20  20  86  50  19  85  24  43  35  77  49  74  50  35  64  15  78  99  24  36  24 116  26  77  73  27  47  22  59
  61  81  19  36  46  95  909999  59  94  37  48  77  94  92  74  80  41  96  88  59 102  43  29   9 106  14  26  24  79  61
  90  25  80  65  77  92  77  64  47  50  77  62  65  73  87  77  36  57  37  40  73 108  41  99  51  37  94  52
  61  67  64  94  43  28  72  61  37  62  27  19  25  68 100  60  45  86  12  92  48  96  53  57  37  53  81  85  26  99  97
  62  30  63  61  68  88  45  97  41  24  69  90  85  37  36  70   5  44  74  93  68  75  39  97  36  51  51  66  75  42  20
  13  99  42  49  25  53  69  599999  88  42  80  22  47  48  23  41  18  66  54  72  84  16  30  54  95  52  43  73  45  93
  83  34  87 104  34  45  66  48  81  42  62  69  84  19  41  68  50  32  24  80  59  92  56  96  41  23  91  47
  85  66  30  34  52  85  73  29  53  71  85  92  65  35  25  31  72  17  77   6 101  12  40  47  89  89  14  59  73  55  15
  41  99  75  75  23  64 100  26  75  71  62  27  62  56  55  64  88  87  16   5  75  66  97  28  96  40  38  69  53  76  68
  76  36  82  58  67  58  25  94  889999  60  57  80  66  61  74  56  89  39  46  35  20  84  91  84  13 102 105  81  50  57
   6  83  20  69  62  66  22  41  59  50  27  32  38  79  64  20  58  57  78  67  29  19  53   8  51  91   4  46
  32  27  30  55   9  58  34  44  33  25  57  36  33  30  80  29  13  65  32  66  41  63  20  17  28  31  60  43  16  57  73
  23  40  27  26  49  46  39  60  14  17  28  52  44  39  14  29  44  26  44  66  31  34  37  80  35  39  35  27  33  16  29
  36  60  21   7  17  60  53  37  42  609999  38  50  59  57  45  45  33  59  51  33  66  29  31  28  71  42  44  38  43  51
  55  23  51  62  43  58  41  26  39  13  40  32  44  46  53  41   8  22  21  39  36  72  14  67  13  33  61  15
  37  17  35  30  39  94  19  60  63  24  94  71  68  25  82  40  37  71  70  63  62  51  37  25  56  46  65   5  54  21  72
  24  71  27  28  61   9  63  40  43  56  13  33   6  70  48  13  82  50  46  62  23  11  64  84  64  62  57  20   5  42  66
  73  33  47  31  55  87  66  48  80  57  389999  86  90  86  81  75  68  78  75  23  72  66  62  41  70  61  70  27  70  14
  55  54  38  24  76  89  51  49   2  42  54  29  20  83  84  49  29  56  57  10  50  75  24  59  44  67  55  39
  77  77  62  93  47   8  84  51  28  74   7  40  18  69  86  56  59  73  21  83  69  89  53  61  56  70  70  92  39 103  86
  65  51  76  74  58  96  66  94  55  35  78  88  93  24  38  80  17  61  67  84  81  85  60  83  57  40  42  77  81  57  20
  15  98  58  57  34  33  57  77  22  80  50  869999  26  28   6  25  39  50  38  73  71  35  51  70  84  73  64  87  31  99
  74  51  83 111  18  24  59  43  88  44  53  68  86   4  21  61  58  30  39  89  52  79  62  88  43  44  83  48
  91  85  58  88  53  25  93  37  27  84  25  63  29  68  66  52  72  54  41  67  89  77  52  64  75  87  53  95  55 102  68
  65  74  87  86  43 100  86  86  70  51  85  81  97  20  45  86  43  79  58  68  91  91  81  62  78  29  34  86  84  72  35
  36  92  75  65  48   9  40  94  47  66  59  90  269999   4  23  15  61  29  19  71  52  56  71  86  66  92  86  98  20 100
  60  69  75 112  17   2  48  40  92  49  42  65  83  28   7  51  66  37  58  96  43  60  68  74  48  66  70  51
  89  82  54  84  50  28  90  33  24  82  28  63  28  64  62  48  70  50  41  62  88  73  49  61  74  85  48  92  53  98  63
  62  74  84  83  38  96  85  82  68  50  81  77  93  18  43  83  44  77  53  64  88  88  80  58  77  25  30  83  80  70  34
  36  88  73  62  46   5  36  92  48  61  57  86  28   49999  24  12  61  25  15  67  48  55  71  84  61  91  86  95  16  96
  56  68  71 109  15   5  44  37  88  46  38  61  79  29   7  47  63  35  57  92  39  56  65  69  45  65  65  47
  73  72  55  87  41  13  79  45  21  70  12  40  12  63  81  50  55  67  19  77  67  83  46  55  54  67  64  87  35  97  80
  59  51  71  70  52  90  64  88  51  31  73  81  87  18  33  74  19  59  61  78  76  79  58  78  55  34  36  72  75  53  16
  13  92  55  51  29  30  51  74  23  74  45  81   6  23  249999  19  38  45  33  67  66  33  49  67  78  71  63  82  25  93
  68  49  77 105  12  21  52  37  82  38  47  62  80   5  17  55  53  24  37  84  46  74  57  82  37  43  77  42
  77  70  43  74  38  29  78  26  12  70  29  54  18  53  61  38  58  48  32  58  77  66  37  49  63  73  45  80  42  87  61
  50  65  72  71  33  85  75  73  56  38  69  68  81   6  31  71  38  66  45  59  76  76  69  58  67  16  20  71  69  58  24
  28  79  61  50  35  15  32  80  41  56  45  75  25  15  12  199999  51  25  13  56  46  46  60  72  59  80  76  83   6  85
  50  57  62  97   7  13  36  25  76  34  30  50  69  25   9  38  51  23  46  80  30  54  53  64  32  56  59  35
  44  54  61  88  38  46  58  66  43  48  45   3  33  63 105  58  31  90  19  94  30  94  50  50  19  35  85  74  17  89 100
  56  13  47  46  72  76  27  93  26  18  56  85  73  46  34  57  23  26  73  94  53  62  21 103  18  56  55  52  64  27  27
  25  93  25  39  21  66  74  41  18  89  33  68  39  61  61  38  519999  74  63  66  89   5  12  37  98  34  25  58  53  83
  83  16  83  92  45  59  68  49  69  39  64  64  77  35  54  69  40  34  12  67  61  96  47  96  38   5  91  44
  90  79  42  67  50  52  87  17  31  80  52  77  42  53  37  38  73  25  56  38  97  51  43  56  83  90  25  82  62  85  39
  54  87  84  83  18  87  95  63  73  59  77  59  84  29  46  79  64  84  35  40  86  83  90  33  88  19  23  81  72  74  48
  53  71  79  61  55  20  14  96  66  39  59  78  50  29  25  45  25  749999  12  55  23  69  82  87  37  99  97  93  21  84
  34  77  53  97  33  30  27  32  80  46  23  49  65  50  30  30  62  41  67  86  27  31  61  46  45  78  43  44
  83  74  41  70  43  41  82  18  20  75  41  66  30  51  48  36  65  36  45  47  87  58  38  51  73  82  33  80  52  85  49
  51  77  78  77  23  85  85  67  64  49  72  62  82  17  38  74  51  75  38  49  81  79  80  45  78  13  18  76  70  66  36
  41  74  70  55  45  12  20  88  54  46  51  75  38  19  15  33  13  63  129999  55  34  58  71  79  47  90  87  88  10  84
  41  67  56  97  21  19  29  27  77  39  24  48  66  38  19  32  56  31  56  82  26  42  56  54  38  67  50  39
  50  30  13  22  28  80  37  38  46  36  79  69  54   3  60  18  40  48  60  42  69  33  20  16  59  55  42  27  49  31  51
  10  72  40  40  38  32  69  27  44  49  26  19  29  53  36  28  73  55  23  41  39  31  68  61  67  42  36  34  18  45  54
  62  27  51  27  46  67  43  59  72  35  33  23  73  71  67  67  56  66  55  559999  49  62  64  51  49  69  75  45  51  29
  33  55  20  42  59  70  28  31  25  29  32   6  13  70  66  26  26  42  54  32  29  52  20  39  31  66  35  25
  94  78  39  53  56  75  86  23  47  82  75  92  59  48  15  38  79   2  73  16 106  32  46  56  93  96   7  76  74  73  15
  52 101  86  85  17  81 105  46  80  72  75  46  78  48  56  77  83  92  26  19  87  80 101  14  99  33  34  81  68  82  64
  71  55  87  65  68  43  15 102  84  20  66  72  71  52  48  66  46  89  23  34  499999  84  94  93  13 108 108  93  40  75
  18  87  38  87  53  53  24  41  74  53  25  44  56  71  53  25  66  55  79  82  29   8  62  25  53  92  24  50
  45  52  56  84  34  42  57  60  38  47  41   8  28  59  99  53  30  84  14  89  34  89  45  46  21  37  79  72  13  86  95
  52  18  47  45  67  74  31  89  25  13  55  81  72  40  29  56  20  28  68  89  53  60  25  97  22  51  49  51  62  26  21
  20  89  26  36  16  60  69  43  16  84  29  66  35  56  55  33  46   5  69  58  62  849999  16  38  93  38  30  58  48  80
  78  17  79  90  40  54  62  43  67  34  59  60  73  31  49  63  37  28   8  65  55  91  44  91  33   9  86  39
  34  46  61  85  39  58  49  71  51  40  57  12  43  61 109  59  25  94  30  97  18  94  51  48   7  24  89  67  19  83 104
  54   9  38  37  77  68  15  91  20  22  50  83  67  55  37  50  35  15  75  97  44  54   9 108   6  63  60  44  59  20  36
  36  90  16  36  27  75  79  29  30  91  31  62  51  71  71  49  60  12  82  71  64  94  169999  27 101  22  15  48  61  77
  86   9  83  85  55  69  71  53  63  41  69  63  74  47  64  71  37  40  15  59  65 101  44  98  41   7  93  45
   7  24  54  69  37  78  24  72  60  17  77  38  57  49 107  55  14  92  49  91  21  84  47  37  19   5  86  45  31  62  99
  43  34  14  13  77  45  22  77  16  35  28  69  44  66  41  28  59  11  69  90  19  31  24 107  25  68  63  21  39  14  51
  55  73  12  27  38  87  80   9  54  84  28  41  70  86  84  67  72  37  87  79  51  93  38  279999  97  19  29  21  70  55
  80  20  71  60  69  84  68  54  41  41  68  53  57  66  79  68  27  49  31  35  64  98  31  90  42  33  84  43
  97  79  42  47  62  88  86  33  58  84  88 101  70  48  12  42  84  11  84   7 112  23  51  59  99 101  14  73  82  68   2
  54 109  88  88  26  78 111  38  86  80  76  40  75  60  64  77  94  98  27   9  88  80 108  15 106  44  43  83  67  87  75
  82  48  93  70  76  57  27 106  95  13  71  70  84  66  61  78  59  98  37  47  49  13  93 101  979999 113 115  94  53  70
  16  94  33  82  66  66  30  49  72  60  33  44  52  83  66  30  70  64  87  81  37   7  65  14  60 100  16  56
  24  43  71  88  51  80  43  86  70  36  79  33  63  68 123  71  29 108  52 108   4 102  62  55  17  14 102  64  37  81 116
  61  24  33  32  91  64   7  96  27  41  48  88  63  74  53  47  57  15  86 107  38  50  13 122  16  80  76  40  59  26  57
  58  92  20  44  45  95  95  14  52 102  42  61  73  92  91  71  80  34  99  90  69 108  38  22  19 1139999  13  38  80  74
  97  23  90  79  75  90  84  68  60  55  83  71  76  69  85  84  44  58  34  54  78 114  49 108  55  29 102  58
  35  53  74  95  53  71  53  86  66  46  70  24  58  73 124  73  34 109  44 110   9 107  64  59  16  24 103  74  34  91 118
  65  13  43  42  91  74   7 102  30  38  57  94  73  70  52  57  48  20  89 110  48  60   7 123   9  78  75  50  67  29  51
  50 100  24  47  42  90  94  26  43 105  44  70  64  86  86  63  76  25  97  87  75 108  30  15  29 115  139999  50  77  84
 100  21  95  89  70  84  85  67  70  55  83  75  83  60  79  85  48  55  30  64  79 115  55 111  55  20 106  59
  14  14  53  57  45  95   7  76  71  13  94  59  71  45 105  56  28  92  66  87  41  77  50  37  40  25  86  28  48  45  96
  41  55  11  12  79  26  42  67  32  51  18  60  26  77  52  16  77  32  67  86   7  15  45 106  46  75  70  12  28  31  66
  72  61  32  33  53  97  83  24  73  81  38  27  87  98  95  82  83  58  93  88  45  93  58  48  21  94  38  509999  80  38
  78  41  64  41  81  96  69  61  26  49  71  49  46  83  91  68  32  60  49  17  67  97  32  84  50  54  80  49
  75  67  38  68  35  35  75  20  10  67  35  56  20  48  56  32  56  42  35  52  77  60  33  45  63  72  39  76  42  82  55
  46  67  70  69  27  80  75  67  55  39  66  62  77   8  29  68  42  66  39  53  73  72  70  53  68  10  14  68  64  57  26
  31  73  61  47  35  17  26  79  45  50  43  70  31  20  16  25   6  53  21  10  51  40  48  61  70  53  80  77  809999  80
  44  57  56  92  13  19  29  21  72  31  24  45  63  30  15  32  48  22  47  76  24  48  49  58  30  57  53  32
  50  31  42  24  52 106  31  67  74  38 106  85  80  32  82  47  52  73  83  63  76  48  47  37  70  60  68  10  68   7  71
  34  86  41  42  66  11  77  34  57  69  27  30  11  81  60  27  96  64  49  61  36  24  78  85  78  71  65  34  18  57  79
  86  26  61  44  68  96  71  61  93  57  51  14  99 100  96  93  85  83  84  84  29  75  80  77  55  70  74  84  38  809999
  57  68  37  13  87  99  56  59  14  54  61  35  19  95  95  54  43  68  71  20  58  76  37  57  55  81  54  50
  81  63  26  35  47  79  70  23  47  67  79  87  59  32  27  26  67  16  71  10  96  17  35  43  84  84  11  58  67  55  18
  38  94  72  71  17  63  95  29  70  65  59  27  60  50  49  61  82  82  11  10  72  64  92  28  91  34  32  66  51  71  62
  70  38  77  53  62  53  20  90  83   6  55  55  74  60  56  68  50  83  34  41  33  18  78  86  80  16  97 100  78  44  57
9999  78  20  69  56  60  16  35  57  45  21  28  38  73  59  14  53  51  72  65  23  19  49  14  45  85   9  40
  27  38  53  76  31  59  41  65  47  32  58  18  40  52 102  52  16  87  30  89  20  86  43  39   5  19  82  58  14  74  96
  45  18  31  29  70  60  18  82  11  18  41  74  58  51  31  42  38  10  67  89  36  46  14 101  12  57  54  36  50  11  34
  36  81   8  27  22  72  73  25  34  83  23  54  51  69  68  49  57  16  77  67  55  87  17   9  20  94  23  21  41  57  68
  789999  74  76  52  67  64  46  54  34  62  55  65  47  62  64  28  35  12  51  58  94  35  90  33  13  85  38
  70  50  23  14  45  90  56  38  55  55  89  86  66  21  45  27  60  36  75  26  89  13  34  35  79  76  32  40  66  35  34
  29  91  60  60  34  45  89  11  64  66  46   7  42  60  51  47  87  75  17  24  58  48  88  48  86  46  42  53  35  65  67
  76  18  71  47  63  69  38  80  87  20  51  38  83  75  71  77  62  83  53  56  20  38  79  83  71  33  90  95  64  56  37
  20  749999  49  67  75  27  40  40  45  32  19  18  81  72  24  46  55  71  49  32  39  40  21  46  84  17  40
  55  38  55  35  63 118  36  80  87  44 118  94  92  45  94  60  60  85  94  75  81  59  60  49  77  65  80  18  78  14  83
  47  93  46  48  79  16  82  44  65  80  35  42  18  93  72  34 107  70  62  73  41  30  84  97  85  84  78  40  29  65  90
  98  35  68  55  79 109  84  65 104  69  62  24 111 112 109 105  97  92  97  97  42  87  90  85  60  82  79  89  41  92  13
  69  76  499999  99 111  69  72  23  66  74  48  31 107 107  67  53  80  81  25  71  88  48  68  67  90  66  63
  74  70  47  78  37  22  77  33  12  68  22  48  12  55  68  41  55  55  26  65  72  72  39  50  58  70  52  81  38  90  68
  52  59  70  69  40  85  69  78  53  34  69  72  82   6  29  71  31  62  50  66  75  76  64  65  61  22  25  70  70  55  18
  21  83  58  49  31  20  39  77  34  62  43  76  18  17  15  12   7  45  33  21  59  53  40  55  69  66  75  70  81  13  87
  56  52  67  999999  15  41  28  77  34  36  54  72  17  10  44  50  20  41  80  35  61  53  70  32  50  66  36
  89  84  57  87  51  23  91  37  25  83  24  61  27  67  67  51  70  55  39  67  87  77  51  63  73  85  53  94  53 101  68
  64  72  85  84  43  98  84  86  68  49  83  81  95  18  44  85  41  77  57  68  89  90  78  63  75  29  33  85  83  70  33
  34  92  73  63  46  10  40  92  45  66  58  89  24   2   5  21  13  59  30  19  70  53  54  69  84  66  90  84  96  19  99
  60  67  75 111  159999  48  39  90  47  42  64  82  26   5  51  64  35  55  94  43  61  66  74  46  63  70  49
  70  54  16  40  32  64  62  11  31  57  64  71  43  26  38  13  54  24  54  26  82  30  21  32  69  72  18  55  51  57  32
  28  78  61  61  10  60  81  38  56  50  51  33  57  35  34  53  66  68   9  26  62  57  78  38  76  19  16  57  46  58  46
  54  44  63  41  46  42  15  77  66  22  41  51  59  48  44  52  36  68  27  29  28  24  62  71  68  30  84  85  69  29  56
  16  64  27  69  41  489999  18  53  30   5  22  38  57  45   2  41  34  57  60   7  30  38  30  30  70  25  26
  57  47  18  50  17  50  55  18  15  48  49  52  25  27  56  13  40  41  36  45  66  48  12  24  52  57  36  55  33  62  51
  25  60  51  50  24  59  64  51  40  31  45  44  56  21  15  47  48  52  26  45  54  52  60  55  58  14   9  49  43  42  28
  36  55  47  28  27  37  27  64  48  41  26  49  43  40  37  37  25  49  32  27  31  41  43  53  54  49  68  67  61  21  59
  35  46  40  72  28  39  189999  51  13  15  25  43  41  35  20  29  16  38  56  12  48  29  48  13  51  43  12
  37  17  37  31  41  96  18  62  65  24  95  72  70  27  84  41  38  72  71  65  62  53  39  27  56  46  67   4  55  21  74
  26  72  27  28  63   8  63  41  43  57  13  35   5  72  49  13  84  50  48  64  23  10  64  86  64  64  59  20   7  43  67
  75  35  47  32  56  89  68  47  81  59  39   2  88  92  88  82  76  69  80  77  25  74  67  63  41  72  60  70  26  72  14
  57  54  40  23  77  90  53  519999  44  56  31  21  84  86  51  30  58  58   9  52  77  25  61  45  68  57  41
  44  36  22  51   4  52  44  31  22  36  51  42  26  26  68  18  26  53  31  55  53  55  11  16  39  44  48  48  22  58  62
  20  49  39  38  36  52  51  55  27  21  35  47  49  28   6  37  43  39  34  55  42  42  48  67  46  26  22  37  36  29  25
  33  56  34  16  18  48  40  50  42  50  13  42  44  49  46  38  34  39  46  39  29  53  34  41  41  60  55  55  49  31  54
  45  34  45  66  34  47  30  13  449999  28  26  42  41  43  30  17  14  27  46  24  60  19  57   1  40  52   5
  70  56  19  46  31  58  64   6  26  59  58  68  38  29  40  15  54  25  50  30  81  36  21  33  67  71  20  59  49  62  35
  31  76  62  62   8  64  79  43  55  47  54  38  61  29  31  56  61  67  15  31  64  60  76  39  74  13  11  59  49  57  41
  49  50  62  41  43  36  12  77  62  27  40  54  53  42  38  47  30  64  23  24  32  25  59  69  68  33  83  83  71  24  61
  21  62  32  74  36  42   5  15  56  289999  25  42  52  39   8  41  31  54  63   4  32  39  35  28  67  30  25
  53  34   7  25  26  75  42  32  41  39  74  67  50   4  55  12  41  43  57  38  70  31  15  16  59  57  37  33  47  37  46
  10  72  43  43  32  38  70  29  45  47  31  21  35  47  32  33  70  56  18  37  43  36  68  57  67  36  30  38  24  46  50
  58  30  51  27  44  61  37  62  69  32  32  29  68  65  61  62  50  64  49  48   6  44  60  63  53  44  71  75  49  45  35
  28  55  19  48  54  64  22  25  31  26  259999  18  65  60  20  27  38  52  38  22  47  21  36  27  64  31  21
  55  34  25  11  41  93  38  49  59  40  92  80  67  16  64  31  49  54  73  45  77  31  33  27  68  62  49  21  60  19  53
  22  83  44  45  47  26  77  20  54  61  29  13  23  65  48  30  86  63  30  43  42  31  77  66  76  54  49  37  18  54  67
  75  16  60  38  59  79  52  65  84  38  44  20  86  83  79  80  69  77  65  66  13  56  73  74  57  52  76  83  46  63  19
  38  65  18  31  72  82  38  43  21  42  42  189999  83  79  35  37  55  65  30  40  57  30  39  43  77  36  38
  73  73  59  91  43  12  80  50  26  70  11  36  15  66  86  54  55  72  17  82  65  88  50  58  52  66  69  89  35 100  85
  61  48  72  70  57  92  62  92  51  31  74  85  89  23  35  76  15  57  66  83  77  81  56  83  53  39  41  73  77  53  17
  11  96  54  53  30  35  56  73  19  79  46  83   4  28  29   5  25  35  50  38  70  71  31  47  66  83  69  60  83  30  95
  73  47  81 107  17  26  57  41  84  41  52  65  839999  22  59  54  27  35  86  50  79  59  87  40  40  82  45
  84  79  53  84  46  22  86  35  21  78  22  56  22  63  67  48  65  55  34  66  82  75  47  59  68  80  52  90  48  97  68
  60  68  80  79  41  94  79  83  63  44  78  78  91  14  39  80  37  72  55  67  84  85  74  63  71  26  30  80  78  65  28
  29  89  68  58  41  12  39  87  41  64  53  84  21   7   7  17   9  54  30  19  66  53  49  64  79  66  85  79  91  15  95
  59  62  72 107  10   5  45  35  86  43  39  60  79  229999  48  59  30  50  89  40  61  62  72  41  59  68  45
  69  53  14  37  32  67  61  14  33  56  66  72  45  24  39  12  54  24  56  25  82  28  21  31  69  71  18  53  52  54  32
  27  79  60  60  12  58  81  35  56  51  50  30  55  37  34  52  68  68   6  25  61  55  78  39  76  22  18  56  44  57  48
  56  41  63  40  47  45  17  77  68  20  41  49  61  51  47  55  38  69  30  32  26  25  63  71  68  30  84  85  68  32  54
  14  64  24  67  44  51   2  20  51  30   8  20  35  59  489999  40  36  58  58   9  30  37  28  30  71  23  26
  29  19  27  48  13  66  27  46  39  19  65  43  40  24  79  28  14  65  40  64  43  59  20  11  32  31  59  35  24  49  72
  17  46  22  21  50  38  42  54  18  26  20  46  35  45  20  21  53  29  42  63  25  26  41  79  40  43  38  20  24  18  37
  44  53  24   1  25  65  54  36  50  58   8  29  58  66  63  53  51  40  62  56  26  66  37  37  27  70  44  48  32  48  43
  53  28  46  53  50  64  41  29  30  17  41  27  37  54  59  409999  29  28  31  37  71   7  63  18  40  58  17
  54  49  32  64  17  38  56  31  11  47  37  37  12  39  70  28  35  55  20  61  55  64  22  31  41  50  50  62  21  72  66
  34  46  50  48  38  66  53  66  33  17  49  59  63  17   8  51  32  43  42  61  54  55  49  69  46  22  21  49  50  35  12
  20  69  39  28  13  38  40  57  32  57  22  56  30  37  35  24  23  34  41  31  42  55  28  40  49  64  58  55  60  22  68
  51  35  55  80  20  35  34  16  58  14  31  38  55  27  30  36  299999  25  60  27  62  33  64  12  37  59  18
  38  43  49  76  26  47  48  56  36  38  46  15  28  51  95  46  21  80  18  83  31  82  38  38  17  30  74  63   5  77  90
  44  21  38  37  62  65  28  81  17   7  46  73  63  40  23  47  28  22  62  83  44  51  23  93  21  48  46  42  53  18  22
  24  81  18  27  12  61  65  37  24  78  21  57  39  58  57  37  46  12  67  56  54  79   8  15  31  87  34  30  49  47  71
  72  12  71  81  41  55  57  38  58  27  54  52  65  35  50  58  28  259999  56  50  86  35  85  27  13  80  32
  30  13  44  41  43  97  11  69  68  18  97  69  72  34  92  48  35  81  71  74  56  62  44  31  52  40  75  11  54  28  83
  32  68  21  22  70  10  57  50  40  56  11  44   9  75  51   9  83  45  56  73  16   5  59  94  59  69  64  14  14  39  69
  75  44  43  32  56  93  75  40  80  67  39  10  89  96  92  84  80  67  86  82  32  82  65  59  35  81  54  64  17  76  20
  65  51  49  25  80  94  60  56   9  46  63  38  30  86  89  58  31  60  569999  59  85  27  70  48  64  66  44
  66  52  15  44  27  58  60  10  24  54  57  64  36  26  44  11  49  29  47  33  77  37  17  29  63  67  24  55  45  59  39
  27  72  58  57  13  60  75  43  51  43  50  37  57  28  27  52  59  63  15  33  60  56  72  43  70  14   9  54  45  52  39
  47  49  58  36  39  38  17  73  59  29  36  50  52  43  39  46  30  61  27  26  29  29  55  65  64  37  78  79  67  24  58
  23  58  32  71  35  43   7  12  52  24   4  22  40  50  40   9  37  27  50  599999  36  34  37  24  63  32  20
  99  82  44  53  62  83  90  30  55  86  83  99  67  52   8  43  85   6  81  13 113  30  51  61  99 102  12  78  81  74   8
  56 108  90  90  24  83 111  45  87  79  79  46  80  56  63  81  91  99  29  15  91  83 108   9 106  41  41  85  71  88  72
  79  54  94  71  75  51  23 108  92  19  72  75  79  60  56  74  54  96  31  42  52   8  91 101  98   7 114 115  97  48  76
  19  94  39  88  61  61  30  48  77  60  32  47  57  79  61  30  71  62  86  85  369999  67  21  60  99  22  56
  32  18  23  41  15  70  26  44  41  19  70  50  44  18  75  24  20  61  46  59  49  53  18   5  39  36  55  29  31  42  67
  11  53  23  23  47  33  49  47  24  32  16  39  30  47  24  18  59  35  37  58  25  23  48  76  47  43  38  20  18  25  42
  49  46  31   8  31  66  51  41  56  53  14  24  62  68  65  57  53  47  61  56  20  62  44  44  31  65  49  55  32  49  37
  49  35  40  48  53  66  38  29  25  19  39  21  30  59  62  37   7  33  35  27  34  679999  58  20  47  53  17
  89  70  36  33  59  93  76  37  61  75  93  99  73  40  26  38  78  22  84   8 107   9  47  52  95  94  21  61  80  54  15
  46 106  79  79  31  66 106  24  81  78  66  26  63  64  62  68  96  92  23   6  79  69 104  29 102  48  46  73  56  82  76
  84  34  88  64  75  66  33  99  96   8  67  59  88  74  69  82  64  96  46  54  39  25  91  98  90  14 108 111  84  58  57
  14  90  21  68  70  74  30  48  61  57  35  36  39  87  72  28  63  64  85  70  37  21  589999  58  98   5  52
  45  37  23  52   5  50  45  31  20  37  50  41  24  27  68  19  27  53  29  56  53  55  12  18  39  44  48  49  21  60  62
  21  48  40  39  36  53  51  56  27  20  37  48  50  27   5  39  42  39  35  56  43  43  48  67  46  25  21  38  38  29  23
  31  57  34  17  17  47  40  51  41  51  13  44  43  48  45  37  32  38  45  38  31  53  33  41  42  60  55  55  50  30  55
  45  33  46  67  32  46  30  13  45   1  28  27  43  40  41  30  18  12  27  48  24  60  20  589999  40  52   6
  41  52  62  88  39  51  55  69  47  46  50   5  38  63 107  59  29  92  24  96  25  95  51  50  15  31  87  72  18  88 102
  56   9  44  43  75  74  22  93  24  20  55  85  72  50  36  55  28  22  75  96  50  60  16 106  13  60  58  50  63  25  31
  30  93  22  39  24  70  77  37  23  91  33  67  44  66  65  43  56   5  78  67  66  92   9   7  33 100  29  20  54  57  81
  85  13  84  90  50  63  70  51  68  40  67  64  77  40  59  71  40  37  13  64  63  99  47  98  409999  93  45
  84  65  31  31  53  88  72  33  56  70  88  94  68  35  28  33  73  21  79   9 102   8  41  47  90  89  19  57  74  52  17
  41 101  75  75  26  62 101  22  76  73  61  24  60  59  57  63  91  87  17   7  74  65  98  31  97  43  41  69  52  77  71
  79  32  82  58  69  62  30  94  91   4  61  55  83  70  65  77  59  91  43  50  35  24  86  93  84  16 102 106  80  53  54
   9  85  17  66  66  70  25  43  57  52  30  31  36  82  68  23  58  59  80  66  32  22  53   5  52  939999  47
  46  35  17  46   6  56  43  29  24  36  55  47  30  21  65  14  29  50  35  51  56  50   6  13  43  46  44  45  27  54  58
  16  53  39  38  33  49  55  50  30  26  34  42  46  30  11  36  48  42  29  51  42  40  52  64  50  26  21  37  33  32  29
  37  51  37  16  23  49  37  52  47  46  15  39  48  51  47  42  35  44  44  39  25  50  39  45  43  56  58  59  49  32  50
  40  38  40  63  36  49  26  12  41   5  25  21  38  45  45  26  17  18  32  44  20  56  17  52   6  45  479999
