  80   5
1000  36  50  80  70  40  56  40  10  44  90  22  20  60  36  44  60  63  41  97  72  66  36  91  84  66  50  36  50  53  42
  31  28  31  62  66  88  84 100  50  97  80 102  64  30  81  44  62  50  58  22  88  72  78  60  14  75  10  20  30  20  10
  31  10  50  53  60  41  78  81  30  22  31  94  44  14  14  50  90  90  41
  361000  14  72  64  72  72  22  31  10  80  20  53  50  14  53  93  90  75  98  80  90  50  70  60  72  42  60  81  80  60
  66  50  22  41  40  92  97 108  62  70  50 106  81  62  78  22  64  84  66  50  60  70  94  44  41  78  42  22  20  30  44
  30  28  36  58  56  70  88  60  31  40  10  92  70  22  50  70  72  75  44
  50  141000  70  64  84  80  30  44  10  78  31  66  50  20  60 106 100  88 100  84 100  60  62  50  75  44  70  93  90  70
  80  60  30  36  31  94 103 110  70  60  40 108  90  75  78  22  66  97  72  62  50  72 101  42  53  80  56  36  31  41  58
  41  42  36  62  58  81  94  53  40  50  22  92  80  36  64  80  66  72  50
  80  72  701000  10  84  50  94  70  78  10  62  80  22  58  41 102  78  94  31  36  70  50  31  40  28  31  62  88  72  53
  91  60  53  36  44  30  53  50  44  50  50  41  56  81  10  50  22  97  36  70  50  14  58  28  70  22  90  84  88  60  80
  97  81  36  31  20  75  44  30  50  60  80  22  66  72  90  58  22  14  40
  70  64  64  101000  75  42  86  60  70  20  53  70  14  50  31  94  70  84  36  31  64  41  36  41  22  22  53  80  64  44
  81  50  44  31  41  31  50  50  36  53  50  44  50  72  14  42  14  88  28  60  50  10  53  22  60  20  80  75  80  50  70
  88  72  28  22  10  66  41  31  41  50  72  28  58  63  80  50  28  22  30
  40  72  84  84  751000  40  80  41  81  93  53  20  72  66  44  22  28  10  90  60  36  36 108 106  60  64  22  10  22  31
  14  28  58  84  92  80  62  81  41 120 106  90  41  10  81  72  62  14  50  22 112  72  53  78  31  70  41  60  70  44  30
  70  50  70  53  66  10  60 100  50  36  70  90  20  50  31  30 102  97  50
  56  72  80  50  42  401000  88  50  81  58  53  44  44  60  20  53  28  50  50  20  22  22  78  80  22  41  22  41  22  14
  50  28  50  62  72  40  28  44  10  94  84  50  10  41  44  60  28  50  14  36  88  36  22  53  42  31  64  72  80  44  50
  86  64  50  22  36  30  22  72  41  36  75  50  20  58  58  10  70  64  30
  40  22  30  94  86  80  881000  41  20 102  36  60  72  36  72 100 100  80 120 100 103  66  91  80  92  64  72  90  91  75
  70  62  42  62  60 112 116 128  80  90  70 126  97  70 100  44  84  90  86  60  80  92 111  66  50  98  41  20  10  44  50
  14  30  58  78  78  80 108  81  50  53  14 114  81  31  50  84  94  97  64
  10  31  44  70  60  41  50  411000  41  80  14  22  50  28  36  62  60  44  88  64  62  28  81  75  58  40  31  50  50  36
  36  22  22  53  58  80  78  92  42  88  72  94  58  31  72  36  53  53  50  20  80  63  72  50  10  66  20  22  31  10  14
  36  14  41  44  50  40  70  72  20  14  30  84  41  10  22  44  80  80  31
  44  10  10  78  70  81  81  20  411000  86  30  62  56  22  62 103 100  84 106  88 100  60  72  60  80  50  70  91  90  70
  75  60  31  44  41 100 106 116  72  70  50 114  91  72  84  28  72  94  75  60  60  78 103  50  50  86  50  28  22  40  53
  31  36  42  66  64  80  97  62  41  50  14  98  80  31  58  80  75  80  53
  90  80  78  10  20  93  58 102  80  861000  72  90  31  66  50 110  86 103  30  42  78  60  30  41  36  41  72  97  80  62
 100  70  62  42  50  31  58  50  53  50  53  40  64  91  14  58  31 106  44  80  50  22  64  36  80  28 100  93  97  70  90
 106  91  44  41  30  84  50  31  60  70  88  20  75  81 100  66  20  10  50
  22  20  31  62  53  53  53  36  14  30  721000  36  41  14  36  75  70  58  86  64  70  31  70  63  56  31  40  62  60  41
  50  30  10  41  44  78  80  92  44  75  58  92  62  44  66  22  50  66  50  31  66  58  75  40  22  64  31  22  28  10  28
  36  20  30  42  44  50  72  60  14  20  22  80  50  10  36  50  70  70  28
  20  53  66  80  70  20  44  60  22  62  90  361000  62  50  40  41  44  22  91  62  50  30  97  94  60  53  22  30  36  31
  14  20  42  72  78  81  72  88  41 108  92  93  50  10  80  56  60  31  50  10 100  70  64  66  14  70  22  40  50  28  10
  50  30  58  50  60  22  66  89  36  22  50  90  28  31  14  36  94  91  41
  60  50  50  22  14  72  44  72  50  56  31  41  621000  36  28  92  72  80  50  40  66  36  36  36  30  10  50  78  64  42
  75  44  31  20  30  44  60  62  36  50  41  58  53  66  28  28  20  86  31  53  44  22  60  10  50  31  70  62  66  40  60
  75  60  14  22  10  64  50  28  30  41  58  42  56  50  70  50  31  30  22
  36  14  20  58  50  66  60  36  28  22  66  14  50  361000  41  88  80  72  84  66  80  40  60  50  58  28  50  75  70  50
  64  41  10  30  31  78  84  94  50  62  44  92  70  58  64  10  50  80  53  44  53  56  81  31  36  64  44  30  31  22  42
  41  31  22  44  42  62  75  50  20  31  22  78  60  22  50  60  60  62  31
  44  53  60  41  31  44  20  72  36  62  50  36  40  28  411000  64  44  53  53  28  41  10  64  64  22  22  22  50  36  14
  50  20  31  44  53  44  44  56  10  78  66  58  30  41  40  40  20  58  14  30  72  30  41  36  31  31  53  56  64  28  41
  70  50  31  10  22  36  36  56  22  22  58  50  28  42  50  22  58  53  10
  60  93 106 102  94  22  53 100  62 103 110  75  41  92  88  641000  30  20 100  72  40  56 128 126  75  84  42  14  31  50
  30  50  80 106 114  91  70  90  58 140 128 100  50  31  97  94  80  10  66  44 134  88  60  98  53  84  60  80  90  66  50
  90  70  92  72  86  28  70 120  72  58  91 103  36  72  50  44 122 116  70
  63  90 100  78  70  28  28 100  60 100  86  70  44  72  80  44  301000  36  72  44  10  41 106 108  50  66  30  22  10  31
  42  40  70  88  97  62  40  60  36 122 110  70  22  36  72  81  56  31  42  41 116  64  30  80  50  58  66  81  91  60  53
  94  72  75  50  64  22  41 100  60  50  90  75  20  70  58  22  98  92  53
  41  75  88  94  84  10  50  80  44  84 103  58  22  80  72  53  20  361000 100  70  44  44 116 114  70  72  31  14  31  41
  10  36  64  92  98  90  72  91  50 128 112 100  50  14  91  78  72  10  60  28 120  81  62  86  36  80  40  60  70  50  31
  70  50  78  62  75  20  70 108  56  42  72 100  30  53  30  40 110 106  58
  97  98 100  31  36  90  50 120  88 106  30  86  91  50  84  53 100  72 1001000  30  62  62  60  70  31  56  70  90  70  60
 100  72  78  66  75  10  36  22  50  80  81  10  50  90  22  78  36 100  41  81  80  28  44  58  84  22 106 108 114  80  93
 122 102  64  44  42  80  31  60  72  75 106  10  70  94 103  60  50  40  58
  72  80  84  36  31  60  20 100  64  88  42  64  62  40  66  28  72  44  70  301000  36  36  66  72  10  41  41  60  41  31
  70  44  58  60  70  20  20  28  22  84  80  31  22  60  28  62  20  70  14  53  81  22  22  50  58  14  80  84  92  56  66
  98  78  50  22  30  50  10  62  50  50  86  31  40  70  75  30  58  50  36
  66  90 100  70  64  36  22 103  62 100  78  70  50  66  80  41  40  10  44  62  361000  40 100 102  42  62  31  31  14  30
  50  41  70  84  94  53  30  50  31 116 106  60  14  42  64  80  50  41  36  44 110  56  20  75  53  50  72  84  93  60  58
  97  75  72  44  58  28  31  94  60  50  91  66  22  72  64  20  92  84  50
  36  50  60  50  41  36  22  66  28  60  60  31  30  36  40  10  56  41  44  62  36  401000  72  70  31  28  14  42  31  10
  41  10  30  50  58  53  50  64  14  84  72  66  31  31  50  41  30  50  22  20  78  40  44  42  22  41  44  50  58  22  31
  64  42  36  20  31  28  42  64  20  14  53  60  22  36  41  20  66  62  14
  91  70  62  31  36 108  78  91  81  72  30  70  97  36  60  64 128 106 116  60  66 100  721000  14  58  44  86 114  98  78
 110  80  60  30  31  60  84  80  70  20  28  70  86 102  41  50  50 122  64  88  22  44  88  31  84  53 100  90  90  72  93
 100  90  41  56  42 100  75  10  62  75  80  50  92  80 103  84  10  20  58
  84  60  50  40  41 106  80  80  75  60  41  63  94  36  50  64 126 108 114  70  72 102  70  141000  62  42  84 112 100  78
 108  78  53  22  20  70  91  90  72  14  14  80  88 100  50  41  53 120  66  86  10  50  94  28  80  60  94  80  80  66  88
  90  81  36  58  44  98  81  10  58  72  70  60  92  72  97  86  22  31  56
  66  72  75  28  22  60  22  92  58  80  36  56  60  30  58  22  75  50  70  31  10  42  31  58  621000  31  40  62  44  30
  70  41  50  50  60  22  30  36  20  75  70  36  28  60  22  53  10  72  10  50  72  14  31  40  53  10  75  78  84  50  62
  92  72  41  14  20  50  20  53  42  44  78  30  41  64  72  31  50  42  28
  50  42  44  31  22  64  41  64  40  50  41  31  53  10  28  22  84  66  72  56  41  62  28  44  42  311000  42  70  58  36
  66  36  22  22  31  50  60  66  31  56  44  64  50  58  36  22  22  78  30  44  50  28  60  14  41  36  60  53  58  30  50
  66  50  10  20  14  56  50  36  20  31  50  50  50  41  60  44  41  40  14
  36  60  70  62  53  22  22  72  31  70  72  40  22  50  50  22  42  30  31  70  41  31  14  86  84  40  421000  28  20  10
  30  10  41  64  72  60  50  66  20  98  86  72  28  20  60  53  41  36  30  14  92  50  42  56  22  50  42  53  62  30  28
  66  44  50  31  44  14  44  78  31  20  60  70  10  41  36  14  80  75  28
  50  81  93  88  80  10  41  90  50  91  97  62  30  78  75  50  14  22  14  90  60  31  42 114 112  62  70  281000  20  36
  22  36  66  92 100  80  60  80  44 126 114  90  40  20  84  80  66  10  53  31 120  75  50  84  41  72  50  70  80  53  40
  80  60  78  58  72  14  60 106  58  44  80  91  22  60  41  31 108 102  56
  53  80  90  72  64  22  22  91  50  90  80  60  36  64  70  36  31  10  31  70  41  14  31  98 100  44  58  20  201000  22
  36  30  60  80  88  60  41  60  28 114 102  70  20  28  66  72  50  30  36  31 108  58  31  72  41  53  58  72  81  50  44
  84  62  66  42  56  14  40  92  50  40  80  72  10  60  50  14  92  86  44
  42  60  70  53  44  31  14  75  36  70  62  41  31  42  50  14  50  31  41  60  31  30  10  78  78  30  36  10  36  221000
  40  14  40  58  66  50  42  58  10  92  80  62  22  30  50  50  31  44  20  22  86  41  36  50  28  40  50  58  66  31  36
  72  50  44  22  36  22  36  70  30  22  62  60  14  44  44  10  72  66  22
  31  66  80  91  81  14  50  70  36  75 100  50  14  75  64  50  30  42  10 100  70  50  41 110 108  70  66  30  22  36  40
1000  31  56  86  92  90  75  93  50 122 106 100  53  10  90  70  70  20  60  22 114  80  66  80  28  80  30  50  60  42  22
  60  41  72  60  72  22  72 102  50  36  62 100  31  44  20  41 106 103  53
  28  50  60  60  50  28  28  62  22  60  70  30  20  44  41  20  50  40  36  72  44  41  10  80  78  41  36  10  36  30  14
  311000  31  56  64  62  56  72  22  92  78  75  36  22  60  44  40  42  31  10  84  50  50  50  14  50  36  44  53  20  22
  58  36  42  30  41  22  50  72  22  10  50  70  20  31  31  22  75  72  22
  31  22  30  53  44  58  50  42  22  31  62  10  42  31  10  31  80  70  64  78  58  70  30  60  53  50  22  41  66  60  40
  56  311000  31  36  70  75  86  41  66  50  84  60  50  58  14  42  72  44  36  58  50  72  30  28  56  41  31  36  14  36
  44  30  20  36  36  53  66  50  10  22  28  72  50  20  44  50  60  60  22
  62  41  36  36  31  84  62  62  53  44  42  41  72  20  30  44 106  88  92  66  60  84  50  30  22  50  22  64  92  80  58
  86  56  311000  10  62  80  81  53  36  22  75  72  78  44  20  40  98  50  64  28  41  80  10  58  50  72  60  60  44  66
  70  60  14  41  30  78  70  20  36  50  50  58  72  50  75  66  31  36  36
  66  40  31  44  41  92  72  60  58  41  50  44  78  30  31  53 114  97  98  75  70  94  58  31  20  60  31  72 100  88  66
  92  64  36  101000  72  90  91  62  31  14  84  81  84  53  22  50 106  60  70  22  50  90  20  64  60  75  60  60  50  72
  70  62  22  50  40  86  80  22  42  56  50  66  80  53  80  75  36  42  44
  88  92  94  30  31  80  40 112  80 100  31  78  81  44  78  44  91  62  90  10  20  53  53  60  70  22  50  60  80  60  50
  90  62  70  62  721000  28  20  41  80  80  14  41  80  20  72  28  90  31  72  80  22  36  53  75  14  97 100 106  72  84
 114  94  58  36  36  70  22  60  64  66  98  14  60  86  93  50  50  41  50
  84  97 103  53  50  62  28 116  78 106  58  80  72  60  84  44  70  40  72  36  20  30  50  84  91  30  60  50  60  41  42
  75  56  75  80  90  281000  20  36 103 100  31  22  66  44  81  40  70  31  64 100  41  10  70  70  31  92 100 108  72  78
 114  92  70  41  50  53  10  81  66  64 102  42  44  86  86  36  75  66  53
 100 108 110  50  50  81  44 128  92 116  50  92  88  62  94  56  90  60  91  22  28  50  64  80  90  36  66  66  80  60  58
  93  72  86  81  91  20  201000  50 100 100  14  41  84  40  88  44  90  42  80 100  41  30  72  86  31 108 112 120  84  94
 126 106  75  50  53  72  22  80  78  78 114  31  62  98 102  53  70  60  64
  50  62  70  44  36  41  10  80  42  72  53  44  41  36  50  10  58  36  50  50  22  31  14  70  72  20  31  20  44  28  10
  50  22  41  53  62  41  36  501000  86  75  53  20  40  41  50  22  53  10  31  80  31  31  44  36  30  58  64  72  36  44
  78  56  41  14  28  31  28  64  31  28  66  50  22  50  53  14  64  58  20
  97  70  60  50  53 120  94  90  88  70  50  75 108  50  62  78 140 122 128  80  84 116  84  20  14  75  56  98 126 114  92
 122  92  66  36  31  80 103 100  861000  20  90 102 114  60  53  66 134  80 100  10  63 106  42  94  72 106  91  90  80 102
 100  93  50  72  58 112  94  22  72  86  80  70 106  84 111 100  30  40  70
  80  50  40  50  50 106  84  70  72  50  53  58  92  41  44  66 128 110 112  81  80 106  72  28  14  70  44  86 114 102  80
 106  78  50  22  14  80 100 100  75  201000  91  93  98  60  36  60 120  72  84  10  60 100  31  78  70  88  72  70  64  86
  80  75  36  62  50 100  90  22  56  70  60  72  94  66  94  88  36  44  58
 102 106 108  41  44  90  50 126  94 114  40  92  93  58  92  58 100  70 100  10  31  60  66  70  80  36  64  72  90  70  62
 100  75  84  75  84  14  31  14  53  90  911000  50  91  31  86  42 100  44  84  90  36  41  66  88  28 110 114 120  86  97
 128 108  72  50  50  80  30  70  78  80 112  20  70 100 106  60  60  50  64
  64  81  90  56  50  41  10  97  58  91  64  62  50  53  70  30  50  22  50  50  22  14  31  86  88  28  50  28  40  20  22
  53  36  60  72  81  41  22  41  20 102  93  501000  44  50  70  36  50  22  42  97  42  14  62  50  36  70  80  88  53  56
  94  72  60  31  44  31  20  80  50  44  84  53  22  66  64  14  78  70  40
  30  62  75  81  72  10  41  70  31  72  91  44  10  66  58  41  31  36  14  90  60  42  31 102 100  60  58  20  20  28  30
  10  22  50  78  84  80  66  84  40 114  98  91  441000  80  64  60  22  50  14 106  70  58  72  22  70  31  50  60  36  20
  60  40  64  50  62  14  62  94  42  28  60  90  22  41  22  31  97  93  44
  81  78  78  10  14  81  44 100  72  84  14  66  80  28  64  40  97  72  91  22  28  64  50  41  50  22  36  60  84  66  50
  90  60  58  44  53  20  44  40  41  60  60  31  50  801000  56  20  93  31  70  60  10  50  36  70  14  91  89  94  62  80
 102  84  42  30  22  72  36  40  53  60  86  14  62  75  90  53  31  22  41
  44  22  22  50  42  72  60  44  36  28  58  22  56  28  10  40  94  81  78  78  62  80  41  50  41  53  22  53  80  72  50
  70  44  14  20  22  72  81  88  50  53  36  86  70  64  561000  44  86  50  50  44  50  80  22  42  58  53  40  41  28  50
  50  41  14  41  36  66  72  40  22  36  31  70  62  31  58  60  50  53  30
  62  64  66  22  14  62  28  84  53  72  31  50  60  20  50  20  80  56  72  36  20  50  30  50  53  10  22  41  66  50  31
  70  40  42  40  50  28  40  44  22  66  60  42  36  60  20  441000  75  14  50  62  10  41  30  50  14  72  72  78  44  60
  86  66  31  10  10  53  30  44  36  41  70  31  44  58  70  36  42  36  22
  50  84  97  97  88  14  50  90  53  94 106  66  31  86  80  58  10  31  10 100  70  41  50 122 120  72  78  36  10  30  44
  20  42  72  98 106  90  70  90  53 134 120 100  50  22  93  86  751000  62  36 126  84  60  92  44  81  50  70  80  58  41
  80  60  84  66  80  22  70 114  64  50  81 100  31  62  40  41 116 110  64
  58  66  72  36  28  50  14  86  50  75  44  50  50  31  53  14  66  42  60  41  14  36  22  64  66  10  30  30  53  36  20
  60  31  44  50  60  31  31  42  10  80  72  44  22  50  31  50  14  621000  41  75  22  30  41  44  20  66  70  78  42  53
  84  64  40  10  22  41  22  58  36  36  72  40  31  56  62  22  56  50  22
  22  50  62  70  60  22  36  60  20  60  80  31  10  53  44  30  44  41  28  81  53  44  20  88  86  50  44  14  31  31  22
  22  10  36  64  70  72  64  80  31 100  84  84  42  14  70  50  50  36  411000  92  60  56  58  10  60  28  41  50  22  14
  53  31  50  40  50  20  58  80  28  14  50  80  22  30  22  28  84  81  31
  88  60  50  50  50 112  88  80  80  60  50  66 100  44  53  72 134 116 120  80  81 110  78  22  10  72  50  92 120 108  86
 114  84  58  28  22  80 100 100  80  10  10  90  97 106  60  44  62 126  75  921000  60 103  36  86  70  97  81  80  72  94
  90  84  42  66  53 106  91  20  64  78  70  70 100  75 102  94  31  41  64
  72  70  72  14  10  72  36  92  63  78  22  58  70  22  56  30  88  64  81  28  22  56  40  44  50  14  28  50  75  58  41
  80  50  50  41  50  22  41  41  31  63  60  36  42  70  10  50  10  84  22  60  601000  44  31  60  10  81  80  86  53  70
  94  75  36  20  14  62  31  41  44  50  78  22  53  66  80  44  36  28  31
  78  94 101  58  53  53  22 111  72 103  64  75  64  60  81  41  60  30  62  44  22  20  44  88  94  31  60  42  50  31  36
  66  50  72  80  90  36  10  30  31 106 100  41  14  58  50  80  41  60  30  56 103  441000  70  64  36  84  94 102  66  70
 108  86  70  40  50  44  14  84  62  58  97  50  36  80  78  28  80  72  50
  60  44  42  28  22  78  53  66  50  50  36  40  66  10  31  36  98  80  86  58  50  75  42  31  28  40  14  56  84  72  50
  80  50  30  10  20  53  70  72  44  42  31  66  62  72  36  22  30  92  41  58  36  31  701000  53  41  70  60  62  41  62
  72  60  10  31  20  70  60  22  31  44  53  50  64  50  72  58  30  31  28
  14  41  53  70  60  31  42  50  10  50  80  22  14  50  36  31  53  50  36  84  58  53  22  84  80  53  41  22  41  41  28
  28  14  28  58  64  75  70  86  36  94  78  88  50  22  70  42  50  44  44  10  86  60  64  531000  62  22  31  41  14  10
  44  22  44  41  50  30  64  75  22  10  40  81  31  20  20  36  81  80  30
  75  78  80  22  20  70  31  98  66  86  28  64  70  31  64  31  84  58  80  22  14  50  41  53  60  10  36  50  72  53  40
  80  50  56  50  60  14  31  31  30  72  70  28  36  70  14  58  14  81  20  60  70  10  36  41  621000  84  86  92  58  72
 100  80  44  22  22  60  22  50  50  53  84  20  50  72  81  41  44  36  36
  10  42  56  90  80  41  64  41  20  50 100  31  22  70  44  53  60  66  40 106  80  72  44 100  94  75  60  42  50  58  50
  30  36  41  72  75  97  92 108  58 106  88 110  70  31  91  53  72  50  66  28  97  81  84  70  22  841000  22  31  30  14
  30  14  60  62  70  44  86  91  40  31  36 103  50  22  10  56 100 100  50
  20  22  36  84  75  60  72  20  22  28  93  22  40  62  30  56  80  81  60 108  84  84  50  90  80  78  53  53  70  72  58
  50  44  31  60  60 100 100 112  64  91  72 114  80  50  89  40  72  70  70  41  81  80  94  60  31  86  221000  10  28  30
  14  10  50  64  66  60  92  80  36  36  14 102  62  14  31  66  90  91  50
  30  20  31  88  80  70  80  10  31  22  97  28  50  66  31  64  90  91  70 114  92  93  58  90  80  84  58  62  80  81  66
  60  53  36  60  60 106 108 120  72  90  70 120  88  60  94  41  78  80  78  50  80  86 102  62  41  92  31  101000  36  40
  10  20  53  70  72  70 100  80  42  44  10 108  72  22  41  75  91  94  56
  20  30  41  60  50  44  44  44  10  40  70  10  28  40  22  28  66  60  50  80  56  60  22  72  66  50  30  30  53  50  31
  42  20  14  44  50  72  72  84  36  80  64  86  53  36  62  28  44  58  42  22  72  53  66  41  14  58  30  28  361000  22
  42  22  31  36  41  41  64  62  10  10  31  75  40  14  31  41  70  70  22
  10  44  58  80  70  30  50  50  14  53  90  28  10  60  42  41  50  53  31  93  66  58  31  93  88  62  50  28  40  44  36
  22  22  36  66  72  84  78  94  44 102  86  97  56  20  80  50  60  41  53  14  94  70  70  62  10  72  14  30  40  221000
  41  20  53  50  60  31  72  84  31  20  41  91  36  22  10  42  91  90  40
  31  30  41  97  88  70  86  14  36  31 106  36  50  75  41  70  90  94  70 122  98  97  64 100  90  92  66  66  80  84  72
  60  58  44  70  70 114 114 126  78 100  80 128  94  60 102  50  86  80  84  53  90  94 108  72  44 100  30  14  10  42  41
1000  22  63  78  80  72 106  90  50  50  20 116  75  28  40  80 100 103  64
  10  28  42  81  72  50  64  30  14  36  91  20  30  60  31  50  70  72  50 102  78  75  42  90  81  72  50  44  60  62  50
  41  36  30  60  62  94  92 106  56  93  75 108  72  40  84  41  66  60  64  31  84  75  86  60  22  80  14  10  20  22  20
  221000  50  58  62  50  84  80  31  28  22  97  53  10  22  58  90  90  44
  50  36  36  36  28  70  50  58  41  42  44  30  58  14  22  31  92  75  78  64  50  72  36  41  36  41  10  50  78  66  44
  72  42  20  14  22  58  70  75  41  50  36  72  60  64  42  14  31  84  40  50  42  36  70  10  44  44  60  50  53  31  53
  63  501000  30  22  64  60  31  22  36  44  56  58  40  62  53  40  41  22
  53  58  62  31  22  53  22  78  44  66  41  42  50  22  44  10  72  50  62  44  22  44  20  56  58  14  20  31  58  42  22
  60  30  36  41  50  36  41  50  14  72  62  50  31  50  30  41  10  66  10  40  66  20  40  31  41  22  62  64  70  36  50
  78  58  301000  14  44  31  50  28  31  64  41  36  50  60  28  50  44  14
  60  56  58  20  10  66  36  78  50  64  30  44  60  10  42  22  86  64  75  42  30  58  31  42  44  20  14  44  72  56  36
  72  41  36  30  40  36  50  53  28  58  50  50  44  62  22  36  10  80  22  50  53  14  50  20  50  22  70  66  72  41  60
  80  62  22  141000  58  40  36  31  40  64  36  50  53  70  42  36  31  20
  41  70  81  75  66  10  30  80  40  80  84  50  22  64  62  36  28  22  20  80  50  28  28 100  98  50  56  14  14  14  22
  22  22  53  78  86  70  53  72  31 112 100  80  31  14  72  66  53  22  41  20 106  62  44  70  30  60  44  60  70  41  31
  72  50  64  44  581000  50  92  44  31  70  80  10  50  36  20  94  88  42
  78  88  94  44  41  60  22 108  70  97  50  72  66  50  75  36  70  41  70  31  10  31  42  75  81  20  50  44  60  40  36
  72  50  66  70  80  22  10  22  28  94  90  30  20  62  36  72  30  70  22  58  91  31  14  60  64  22  86  92 100  64  72
 106  84  60  31  40  501000  72  58  56  94  36  41  78  80  31  66  58  44
  81  60  53  30  31 100  72  81  72  62  31  60  89  28  50  56 120 100 108  60  62  94  64  10  10  53  36  78 106  92  70
 102  72  50  20  22  60  81  80  64  22  22  70  80  94  40  40  44 114  58  80  20  41  84  22  75  50  91  80  80  62  84
  90  80  31  50  36  92  721000  53  66  70  50  84  70  93  78  14  22  50
  30  31  40  50  41  50  41  50  20  41  60  14  36  30  20  22  72  60  56  72  50  60  20  62  58  42  20  31  58  50  30
  50  22  10  36  42  64  66  78  31  72  56  78  50  42  53  22  36  64  36  28  64  44  62  31  22  50  40  36  42  10  31
  50  31  22  28  31  44  58  531000  14  36  66  41  22  41  40  60  60  14
  22  40  50  60  50  36  36  53  14  50  70  20  22  41  31  22  58  50  42  75  50  50  14  75  72  44  31  20  44  40  22
  36  10  22  50  56  66  64  78  28  86  70  80  44  28  60  36  41  50  36  14  78  50  58  44  10  53  31  36  44  10  20
  50  28  36  31  40  31  56  66  141000  41  72  30  22  30  31  72  70  20
  31  10  22  80  72  70  75  14  30  14  88  22  50  58  22  58  91  90  72 106  86  91  53  80  70  78  50  60  80  80  62
  62  50  28  50  50  98 102 114  66  80  60 112  84  60  86  31  70  81  72  50  70  78  97  53  40  84  36  14  10  31  41
  20  22  44  64  64  70  94  70  36  411000 100  70  20  44  72  81  84  50
  94  92  92  22  28  90  50 114  84  98  20  80  90  42  78  50 103  75 100  10  31  66  60  50  60  30  50  70  91  72  60
 100  70  72  58  66  14  42  31  50  70  72  20  53  90  14  70  31 100  40  80  70  22  50  50  81  20 103 102 108  75  91
 116  97  56  41  36  80  36  50  66  72 1001000  70  88 100  60  40  30  53
  44  70  80  66  58  20  20  81  41  80  75  50  28  56  60  28  36  20  30  70  40  22  22  92  92  41  50  10  22  10  14
  31  20  50  72  80  60  44  62  22 106  94  70  22  22  62  62  44  31  31  22 100  53  36  64  31  50  50  62  72  40  36
  75  53  58  36  50  10  41  84  41  30  70  701000  50  42  10  86  80  36
  14  22  36  72  63  50  58  31  10  31  81  10  31  50  22  42  72  70  53  94  70  72  36  80  72  64  41  41  60  60  44
  44  31  20  50  53  86  86  98  50  84  66 100  66  41  75  31  58  62  56  30  75  66  80  50  20  72  22  14  22  14  22
  28  10  40  50  53  50  78  70  22  22  20  88  501000  28  53  80  80  36
  14  50  64  90  80  31  58  50  22  58 100  36  14  70  50  50  50  58  30 103  75  64  41 103  97  72  60  36  41  50  44
  20  31  44  75  80  93  86 102  53 111  94 106  64  22  90  58  70  40  62  22 102  80  78  72  20  81  10  31  41  31  10
  40  22  62  60  70  36  80  93  41  30  44 100  42  281000  50 101 100  50
  50  70  80  58  50  30  10  84  44  80  66  50  36  50  60  22  44  22  40  60  30  20  20  84  86  31  44  14  31  14  10
  41  22  50  66  75  50  36  53  14 100  88  60  14  31  53  60  36  41  22  28  94  44  28  58  36  41  56  66  75  41  42
  80  58  53  28  42  20  31  78  40  31  72  60  10  53  501000  78  72  31
  90  72  66  22  28 102  70  94  80  75  20  70  94  31  60  58 122  98 110  50  58  92  66  10  22  50  41  80 108  92  72
 106  75  60  31  36  50  75  70  64  30  36  60  78  97  31  50  42 116  56  84  31  36  80  30  81  44 100  90  91  70  91
 100  90  40  50  36  94  66  14  60  72  81  40  86  80 101  781000  10  53
  90  75  72  14  22  97  64  97  80  80  10  70  91  30  62  53 116  92 106  40  50  84  62  20  31  42  40  75 102  86  66
 103  72  60  36  42  41  66  60  58  40  44  50  70  93  22  53  36 110  50  81  41  28  72  31  80  36 100  91  94  70  90
 103  90  41  44  31  88  58  22  60  70  84  30  80  80 100  72  101000  50
  41  44  50  40  30  50  30  64  31  53  50  28  41  22  31  10  70  53  58  58  36  50  14  58  56  28  14  28  56  44  22
  53  22  22  36  44  50  53  64  20  70  58  64  40  44  41  30  22  64  22  31  64  31  50  28  30  36  50  50  56  22  40
  64  44  22  14  20  42  44  50  14  20  50  53  36  36  50  31  53  501000
