  80   5
1000 155 110 116 136 120  89 120 122  28  22  90 166 160 100  72 140 103 107 114 164  41 110  88 108 128  98 190  28  91  72
  41 120 120  14  60  80  90 133  60  44  50 100  20  36 147  31 130 130  36 125 146  63 103 148  70 116 101  75  70  78 120
  70 168 100  50 140  80 102 120  60 152  60 144 176  64 101 150  86 130 197
 1551000 134  84  31  81 100  36  75 150 177  94  20  10 141 120 173  56 103  72  72 128 144  66  50  66  70  70 129 160 100
 150  50  91 160 100 100 140  22 106 110 140 132 148 125  20 136  90 169 119 111  92  94 112  56  91  42  64 110 140  81  62
  98  53  80 130 155 150  91 165 150  14 112  22  50 100  98  70  90 133  70
 110 1341000  50 103 162  42 116  60 130 122 144 130 132  14  41  42 120  31  62  91 122  10  98  94  70  72 122  90  36  58
  72  84 170 101 110 138  22 119 119  94  60  10  90  80 141 121 176  36  91  31  62 102  22  90  72 122 126  44  41  78  72
 124 110  58  60  31  36  44  31  53 122 128 112 120  66 158  80  56  22 133
 116  84  501000  53 124  28  70  10 125 136 113  80  82  60  50  89  80  20  14  50 110  60  62  50  20  31  80  88  80  44
  92  36 133 114  90 111  60  72 100  81  78  50 100  80  94 113 138  85  84  28  31  80  30  41  50  78  89  42  67  50  22
 100  63  20  70  72  72  14  81  80  72 110  63  72  53 124  36  31  50  89
 136  31 103  531000  90  70  30  44 134 158  91  31  30 110  90 142  50  72  41  50 114 113  50  28  36  41  63 108 130  72
 125  20 100 138  86  94 110  22  94  92 113 101 124 102  42 120 101 138 100  80  64  78  81  31  66  40  60  80 110  58  31
  89  41  50 103 124 120  60 134 120  20 102  10  44  75 100  44  60 102  67
 120  81 162 124  901000 120  60 119 100 140  30 100  91 162 128 204  44 136 111 140  80 168  64  75 116  94 150 103 172 106
 138  94  10 130  63  40 156  70  60  85 133 154 122 107  63  90  14 197  94 152 147  66 142 120  92  50  36 120 144  84 106
  50 130 108 124 192 158 122 190 147  90  60  90 130 100  22 131 106 172 151
  89 100  42  28  70 1201000  75  36 101 108 102 100 100  44  22  84  78  20  31  78  90  50  56  53  44  31 108  63  60  20
  64  50 128  86  72  98  41  81  81  60  50  36  72  53 103  90 134  78  60  40  58  62  22  66  31  80  84  14  41  36  41
  84  88  20  42  72  50  14  72  53  90  91  80  97  30 116  64  14  53 116
 120  36 116  70  30  60  751000  64 114 142  62  50  42 119  92 158  22  86  56  80  92 124  31  22  58  44  91  94 135  70
 120  36  70 125  64  66 116  14  70  75 110 110 113  91  30 100  72 152  84  98  89  58  94  60  60  10  31  82 111  50  50
  64  70  58 100 142 123  72 146 120  36  78  31  72  70  70  72  63 120  94
 122  75  60  10  44 119  36  641000 129 142 110  70  72  70  58  98  75  30  10  42 112  70  60  44  10  30  72  94  90  50
 100  28 128 120  90 110  70  64 100  84  86  60 106  86  86 116 133  94  89  36  30  80  40  31  53  72  85  50  75  50  14
 100  53  22  78  80  82  22  91  89  62 110  53  62  58 122  28  36  58  80
  28 150 130 125 134 100 101 114 1291000  41  70 162 156 120  90 163  94 121 119 168  22 130  84 106 133 102 194  40 116  82
  66 122 100  42  50  60 111 128  44  44  72 120  44  50 138  14 110 153  41 140 156  56 120 152  75 108  88  90  91  80 124
  53 172 106  70 160 103 113 144  85 148  41 140 178  72  80 155  94 150 200
  22 177 122 136 158 140 108 142 142  411000 110 188 182 110  88 150 125 124 134 184  60 120 110 130 148 120 210  50 100  92
  50 142 140  22  82 100 100 155  80  66  63 112  36  56 169  50 150 140  58 142 166  85 119 168  92 138 123  94  81 100 140
  90 190 120  66 150  90 122 130  70 174  80 166 198  84 120 170 106 143 219
  90  94 144 113  91  30 102  62 110  70 1101000 111 102 142 106 186  41 120 100 140  50 150  50  70 110  81 153  75 148  86
 111  90  31 101  36  10 134  75  31  58 108 136  94  80  78  60  41 178  66 138 140  42 124 120  72  53  31 100 120  67 100
  22 132  94 100 174 134 107 170 122  97  30  93 134  78  14 130  89 155 158
 166  20 130  80  31 100 100  50  70 162 188 1111000  10 140 120 167  72 100  70  56 141 140  78  58  60  72  50 138 160 103
 156  50 110 169 112 116 140  36 120 122 144 130 155 133  40 148 110 164 130 104  80 106 110  44  97  58  80 110 140  89  60
 114  36  80 134 148 150  90 161 151  14 128  22  31 106 117  58  91 126  50
 160  10 132  82  30  91 100  42  72 156 182 102  101000 140 120 170  64 101  70  64 134 142  72  53  63  70  60 133 160 100
 153  50 101 164 106 108 140  28 112 116 142 130 151 128  30 142 100 166 124 107  86 100 110  50  94  50  72 110 140  84  60
 106  44  80 132 151 150  90 163 150  10 120  20  41 103 107  64  90 129  60
 100 141  14  60 110 162  44 119  70 120 110 142 140 1401000  36  44 122  40  70 104 116  10 100  97  80  75 135  81  22  56
  60  91 168  90 108 136  10 125 116  89  50  10  80  72 147 113 176  36  85  44  75 100  30 100  70 124 128  42  30  78  80
 122 121  63  50  40  22  50  28  41 130 125 120 131  64 156  92  58  36 145
  72 120  41  50  90 128  22  92  58  90  88 106 120 120  361000  80  88  36  53 100  81  44  66  70  66  50 130  50  44  22
  42  70 134  66  72 100  28 100  80  53  28  31  53  40 120  80 142  72  50  53  78  64  31  88  36  94  94  10  20  44  62
  86 110  41  22  72  31  36  64  31 110  89 100 119  28 120  86  30  60 138
 140 173  42  89 142 204  84 158  98 163 150 186 167 170  44  801000 162  72 102 120 160  36 140 136 107 114 150 125  50 100
 100 124 212 130 152 180  53 160 160 133  91  50 120 116 182 156 218  10 129  63  90 144  64 123 114 164 168  86  72 120 111
 166 140 100  94  20  60  86  20  80 160 169 151 150 108 200 110  98  41 160
 103  56 120  80  50  44  78  22  75  94 125  41  72  64 122  88 1621000  92  67 100  72 128  22  31  72  50 113  80 133  66
 110  50  53 110  44  44 116  36  50  60 101 114 100  80  44  80  58 156  70 108 103  41  98  80  53  14  10  80 106  44  62
  42  91  64  92 148 119  78 150 113  58  56  53  94  63  50  90  64 128 117
 107 103  31  20  72 136  20  86  30 121 124 120 100 101  40  36  72  921000  31  66 110  41  72  64  40  42  97  81  60  40
  78  53 144 102  91 116  41  89 100  80  64  30  89  72 111 110 150  67  80  20  42  81  10  60  50  92 100  31  50  53  41
 103  82  28  58  56  53  14  62  64  91 110  81  91  50 133  53  31  36 107
 114  72  62  14  41 111  31  56  10 119 134 100  70  70  70  53 102  67  311000  50 103  72  50  36  14  20  78  86  90  42
  94  22 120 112  80 100  70  58  90  75  80  60  98  78  80 107 125  98  80  42  40  70  41  36  44  64  76  44  72  41  10
  90  58  14  72  86  80  20  93  84  60 100  50  67  50 112  36  28  64  86
 164  72  91  50  50 140  78  80  42 168 184 140  56  64 104 100 120 100  66  501000 150 101  91  70  36  66  31 136 125  92
 142  50 150 162 126 140 107  72 135 124 128  94 148 128  89 155 151 120 130  60  30 116  75  20  94  90 110  92 116  88  44
 132  22  64 120 100 120  64 120 130  58 144  53  31 100 150  14  78  80  41
  41 128 122 110 114  80  90  92 112  22  60  50 141 134 116  81 160  72 110 103 1501000 125  64  86 116  84 174  36 116  70
  70 102  80  53  28  40 107 106  22  30  72 113  50  44 116  10  90 151  31 130 141  36 110 133  60  86  66  80  88  62 107
  31 152  91  66 153 102 100 141  86 126  20 120 158  60  60 138  80 140 180
 110 144  10  60 113 168  50 124  70 130 120 150 140 142  10  44  36 128  41  72 101 1251000 106 102  80  80 132  91  28  64
  70  94 176 100 116 144  20 128 124  97  60  14  90  82 150 123 182  28  94  41  72 108  31 100  78 130 134  50  40  84  81
 130 120  67  60  30  31  53  22  50 131 133 122 130  72 164  90  64  28 143
  88  66  98  62  50  64  56  31  60  84 110  50  78  72 100  66 140  22  72  50  91  64 1061000  22  60  31 111  63 111  44
  90  41  72  94  36  50  94  44  44  44  80  92  82  60  60  70  78 134  53  88  90  28  78  72  31  30  28  58  84  22  50
  41  89  44  70 128  97  58 128  91  64  53  56  94  41  62  80  42 108 116
 108  50  94  50  28  75  53  22  44 106 130  70  58  53  97  70 136  31  64  36  70  86 102  221000  41  22  89  80 113  50
 100  20  84 111  58  70  94  30  66  64  90  88  98  75  50  92  89 130  72  78  72  50  72  50  41  28  41  60  90  31  31
  63  67  36  80 120 101  50 124 100  44  75  36  72  50  80  60  41  98  94
 128  66  70  20  36 116  44  58  10 133 148 110  60  63  80  66 107  72  40  14  36 116  80  60  411000  31  64 100 100  56
 108  22 125 126  91 110  80  56 101  89  94  70 112  92  78 120 129 104  94  44  31  81  50  22  58  66  81  58  84  53  10
 100  44  28  86  88  91  31 101  97  53 111  44  53  64 121  22  42  66  72
  98  70  72  31  41  94  31  44  30 102 120  81  72  70  75  50 114  50  42  20  66  84  80  31  22  311000  92  70  91  31
  84  22 102 100  60  80  72  50  70  58  72  66  86  64  72  89 108 108  64  58  60  50  50  50  28  50  58  40  70  22  22
  70  70  14  62  98  80  28 102  80  60  80  50  78  36  93  53  20  78  98
 190  70 122  80  63 150 108  91  72 194 210 153  50  60 135 130 150 113  97  78  31 174 132 111  89  64  921000 162 156 120
 172  72 160 190 147 157 138  80 155 150 158 125 176 154  90 180 160 150 156  91  60 138 106  42 120 101 123 122 146 114  70
 152  22  92 150 130 151  94 150 160  60 164  60  20 126 161  44 106 110  10
  28 129  90  88 108 103  63  94  94  40  50  75 138 133  81  50 125  80  81  86 136  36  91  63  80 100  70 1621000  80  44
  36  92 106  31  41  66  72 107  44  20  36  80  20  10 123  31 116 116  10 100 119  40  80 120  42  92  80  50  53  50  92
  53 140  72  31 121  67  75 106  50 124  50 116 148  36  88 122  58 110 169
  91 160  36  80 130 172  60 135  90 116 100 148 160 160  22  44  50 133  60  90 125 116  28 111 113 100  91 156  801000  66
  50 110 178  80 112 140  20 141 120  92  44  31  72  72 163 111 186  40  86  66  97 106  50 120  80 138 138  53  28  88 100
 126 142  80  50  53  14  70  30  31 150 128 140 151  72 162 113  72  56 167
  72 100  58  44  72 106  20  70  50  82  92  86 103 100  56  22 100  66  40  42  92  70  64  44  50  56  31 120  44  661000
  53  53 112  70  53  80  50  80  63  40  41  50  56  36 100  70 120  92  41  60  75  44  41  78  14  72  72  14  41  22  50
  66 100  28  31  89  53  31  84  50  91  72  81 108  10 100  78  14  72 128
  41 150  72  92 125 138  64 120 100  66  50 111 156 153  60  42 100 110  78  94 142  70  70  90 100 108  84 172  36  50  53
1000 106 141  30  75 102  50 130  80  53  14  62  22  31 150  64 151  90  44  94 120  72  72 130  60 120 111  50  31  70 102
  88 152  80  22 100  40  78  80  20 144  86 134 160  50 124 128  66  93 180
 120  50  84  36  20  94  50  36  28 122 142  90  50  50  91  70 124  50  53  22  50 102  94  41  20  22  22  72  92 110  53
 1061000 103 122  76  90  90  36  85  78  94  82 108  86  58 108 107 120  84  64  53  67  63  31  50  44  60  60  90  42  14
  82  50  30  84 108 100  41 115 101  40  94  30  56  58 100  40  41  86  78
 120  91 170 133 100  10 128  70 128 100 140  31 110 101 168 134 212  53 144 120 150  80 176  72  84 125 102 160 106 178 112
 141 1031000 132  67  41 162  80  62  89 138 162 125 111  72  90  10 204  97 160 157  72 150 130  98  60  44 126 150  92 116
  53 140 116 130 200 164 130 196 152 100  60 100 140 106  20 141 114 180 161
  14 160 101 114 138 130  86 125 120  42  22 101 169 164  90  66 130 110 102 112 162  53 100  94 111 126 100 190  31  80  70
  30 122 1321000  70  92  80 138  70  50  41  91  14  36 153  44 142 120  41 120 144  70  97 148  72 122 110  72  60  80 120
  80 170  98  44 130  70 100 110  50 155  72 147 178  64 113 148  84 122 198
  60 100 110  90  86  63  72  64  90  50  82  36 112 106 108  72 152  44  91  80 126  28 116  36  58  91  60 147  41 112  53
  75  76  67  701000  28 100  78  10  22  72 102  60  44  88  36  76 144  31 110 120  10  94 107  41  58  41  66  84  40  82
  14 125  70  64 142  98  80 136  86  98  20  92 130  44  50 113  60 125 152
  80 100 138 111  94  40  98  66 110  60 100  10 116 108 136 100 180  44 116 100 140  40 144  50  70 110  80 157  66 140  80
 102  90  41  92  281000 128  80  22  50 100 130  85  72  84  50  50 172  58 135 140  36 120 120  67  58  36  94 112  63 100
  14 135  92  92 169 126 104 164 114 102  20  97 138  72  22 130  85 151 161
  90 140  22  60 110 156  41 116  70 111 100 134 140 140  10  28  53 116  41  70 107 107  20  94  94  80  72 138  72  20  50
  50  90 162  80 100 1281000 122 108  80  40  14  70  63 144 103 170  44  76  50  80  92  31 101  64 120 122  36  20  72  80
 114 123  60  41  50  14  50  36  31 130 116 120 132  56 148  94  53  44 148
 133  22 119  72  22  70  81  14  64 128 155  75  36  28 125 100 160  36  89  58  72 106 128  44  30  56  50  80 107 141  80
 130  36  80 138  78  80 1221000  84  88 120 116 126 104  22 114  80 156  97 100  86  72  98  53  70  22  44  90 120  60  50
  78  60  62 110 144 130  75 151 130  22  92  20  60  80  82  66  70 122  82
  60 106 119 100  94  60  81  70 100  44  80  31 120 112 116  80 160  50 100  90 135  22 124  44  66 101  70 155  44 120  63
  80  85  62  70  10  22 108  841000  28  78 111  63  50  94  31  72 152  36 120 130  20 103 116  50  64  44  75  92  50  92
  10 133  80  70 151 106  90 144  92 106  10 100 138  53  44 123  70 134 161
  44 110  94  81  92  85  60  75  84  44  66  58 122 116  89  53 133  60  80  75 124  30  97  44  64  89  58 150  20  92  40
  53  78  89  50  22  50  80  88  281000  50  84  40  22 103  31  98 124  10 100 112  20  80 108  31  72  60  50  64  36  80
  36 128  62  42 125  78  70 116  64 108  36 100 134  30  72 111  50 110 156
  50 140  60  78 113 133  50 110  86  72  63 108 144 142  50  28  91 101  64  80 128  72  60  80  90  94  72 158  36  44  41
  14  94 138  41  72 100  40 120  78  501000  50  30  28 140  67 147  81  42  80 106  67  58 116  50 110 104  36  20  60  89
  86 138  67  10  90  31  64  72  14 132  84 122 147  40 122 114  53  81 166
 100 132  10  50 101 154  36 110  60 120 112 136 130 130  10  31  50 114  30  60  94 113  14  92  88  70  66 125  80  31  50
  62  82 162  91 102 130  14 116 111  84  501000  80  70 137 111 168  42  81  36  67  94  20  90  64 116 120  36  31  70  70
 116 111  53  50  41  28  41  36  44 120 120 110 121  58 150  82  50  31 136
  20 148  90 100 124 122  72 113 106  44  36  94 155 151  80  53 120 100  89  98 148  50  90  82  98 112  86 176  20  72  56
  22 108 125  14  60  85  70 126  63  40  30  801000  22 142  42 135 110  30 106 130  60  84 134  58 111 100  58  50  66 106
  72 156  84  31 120  60  86 101  41 141  67 133 164  50 107 134  70 111 184
  36 125  80  80 102 107  53  91  86  50  56  80 133 128  72  40 116  80  72  78 128  44  82  60  75  92  64 154  10  72  36
  31  86 111  36  44  72  63 104  50  22  28  70  221000 120  41 120 107  14  91 111  41  70 112  36  90  80  41  44  44  84
  58 134  64  22 111  58  67  97  42 119  56 111 142  28  94 114  50 100 162
 147  20 141  94  42  63 103  30  86 138 169  78  40  30 147 120 182  44 111  80  89 116 150  60  50  78  72  90 123 163 100
 150  58  72 153  88  84 144  22  94 103 140 137 142 1201000 124  70 178 113 122 106  84 120  72  90  31  50 110 140  80  72
  86  72  84 130 166 151  97 173 150  31 100  36  70 100  80  86  91 144  90
  31 136 121 113 120  90  90 100 116  14  50  60 148 142 113  80 156  80 110 107 155  10 123  70  92 120  89 180  31 111  70
  64 108  90  44  36  50 103 114  31  31  67 111  42  41 1241000 100 147  30 130 143  42 110 138  62  94  75  80  84  67 111
  41 158  93  62 152  98 101 137  80 134  30 126 164  60  70 142  81 140 186
 130  90 176 138 101  14 134  72 133 110 150  41 110 100 176 142 218  58 150 125 151  90 182  78  89 129 108 160 116 186 120
 151 107  10 142  76  50 170  80  72  98 147 168 135 120  70 1001000 211 107 166 160  80 156 132 106  63  50 134 158  98 120
  63 140 122 138 206 172 136 204 160 100  70 100 140 114  30 144 120 186 160
 130 169  36  85 138 197  78 152  94 153 140 178 164 166  36  72  10 156  67  98 120 151  28 134 130 104 108 150 116  40  92
  90 120 204 120 144 172  44 156 152 124  81  42 110 107 178 147 2111000 120  60  90 136  58 120 106 158 162  78  63 112 107
 158 140  94  85  22  50  80  10  70 156 160 147 150 100 192 110  92  40 160
  36 119  91  84 100  94  60  84  89  41  58  66 130 124  85  50 129  70  80  80 130  31  94  53  72  94  64 156  10  86  41
  44  84  97  41  31  58  76  97  36  10  42  81  30  14 113  30 107 1201000 100 115  30  80 114  36  82  70  50  58  42  86
  44 134  67  36 122  72  72 111  56 116  42 108 140  31  80 116  53 110 162
 125 111  31  28  80 152  40  98  36 140 142 138 104 107  44  53  63 108  20  42  60 130  41  88  78  44  58  91 100  66  60
  94  64 160 120 110 135  50 100 120 100  80  36 106  91 122 130 166  60 1001000  31 100  22  60  70 106 116  50  64  72  50
 122  80  44  75  44  64  31  60  78  97 130  88  90  70 150  50  50  22 101
 146  92  62  31  64 147  58  89  30 156 166 140  80  86  75  78  90 103  42  40  30 141  72  90  72  31  60  60 119  97  75
 120  53 157 144 120 140  80  86 130 112 106  67 130 111 106 143 160  90 115  311000 110  50  36  81  97 112  72  92  80  41
 130  50  50 100  70  94  44  90 106  78 140  70  60  84 152  22  62  50  70
  63  94 102  80  78  66  62  58  80  56  85  42 106 100 100  64 144  41  81  70 116  36 108  28  50  81  50 138  40 106  44
  72  67  72  70  10  36  92  72  20  20  67  94  60  41  84  42  80 136  30 100 1101000  84  98  31  53  40  58  78  30  72
  22 116  60  58 133  92  70 128  80  92  30  84 122  36  56 103  50 115 144
 103 112  22  30  81 142  22  94  40 120 119 124 110 110  30  31  64  98  10  41  75 110  31  78  72  50  50 106  80  50  41
  72  63 150  97  94 120  31  98 103  80  58  20  84  70 120 110 156  58  80  22  50  841000  70  53 100 106  30  42  58  50
 106  92  36  53  50  44  22  53  56 100 112  91 101  50 138  63  36  31 117
 148  56  90  41  31 120  66  60  31 152 168 120  44  50 100  88 123  80  60  36  20 133 100  72  50  22  50  42 120 120  78
 130  31 130 148 107 120 101  53 116 108 116  90 134 112  72 138 132 120 114  60  36  98  701000  78  70  90  80 106  72  28
 113  22  50 108 104 113  53 120 119  42 125  36  31  84 130  14  64  82  50
  70  91  72  50  66  92  31  60  53  75  92  72  97  94  70  36 114  53  50  44  94  60  78  31  41  58  28 120  42  80  14
  60  50  98  72  41  67  64  70  50  31  50  64  58  36  90  62 106 106  36  70  81  31  53  781000  60  58  28  53  10  50
  53  98  31  40 102  67  40  98  60  85  60  75 106  10  86  80  20  84 127
 116  42 122  78  40  50  80  10  72 108 138  53  58  50 124  94 164  14  92  64  90  86 130  30  28  66  50 101  92 138  72
 120  44  60 122  58  58 120  22  64  72 110 116 111  90  31  94  63 158  82 106  97  53 100  70  601000  22  85 113  50  58
  56  80  64 100 148 125  78 152 120  44  70  41  82  70  60  81  67 126 104
 101  64 126  89  60  36  84  31  85  88 123  31  80  72 128  94 168  10 100  76 110  66 134  28  41  81  58 123  80 138  72
 111  60  44 110  41  36 122  44  44  60 104 120 100  80  50  75  50 162  70 116 112  40 106  90  58  221000  86 111  50  72
  36 101  72  94 156 125  86 156 116  66  50  62 103  67  40 100  70 136 126
  75 110  44  42  80 120  14  82  50  90  94 100 110 110  42  10  86  80  31  44  92  80  50  58  60  58  40 122  50  53  14
  50  60 126  72  66  94  36  90  75  50  36  36  58  41 110  80 134  78  50  50  72  58  30  80  28  85  861000  30  36  53
  80 102  31  28  75  41  28  70  41 100  84  90 111  22 114  78  20  60 130
  70 140  41  67 110 144  41 111  75  91  81 120 140 140  30  20  72 106  50  72 116  88  40  84  90  84  70 146  53  28  41
  31  90 150  60  84 112  20 120  92  64  20  31  50  44 140  84 158  63  58  64  92  78  42 106  53 113 111  301000  63  81
  98 129  60  22  70  14  53  53  14 130 100 120 137  44 134 102  50  62 156
  78  81  78  50  58  84  36  50  50  80 100  67  89  84  78  44 120  44  53  41  88  62  84  22  31  53  22 114  50  88  22
  70  42  92  80  40  63  72  60  50  36  60  70  66  44  80  67  98 112  42  72  80  30  58  72  10  50  50  36  631000  44
  50  92  30  50 108  75  41 106  70  75  60  67  98  20  80  75  22  89 120
 120  62  72  22  31 106  41  50  14 124 140 100  60  60  80  62 111  62  41  10  44 107  81  50  31  10  22  70  92 100  50
 102  14 116 120  82 100  80  50  92  80  89  70 106  84  72 111 120 107  86  50  41  72  50  28  50  58  72  53  81  441000
  90  50  22  80  94  90  30 103  94  50 101  41  58  56 111  31  36  72  78
  70  98 124 100  89  50  84  64 100  53  90  22 114 106 122  86 166  42 103  90 132  31 130  41  63 100  70 152  53 126  66
  88  82  53  80  14  14 114  78  10  36  86 116  72  58  86  41  63 158  44 122 130  22 106 113  53  56  36  80  98  50  90
1000 130  80  78 155 112  91 150 100 100  14  94 133  58  36 121  72 137 156
 168  53 110  63  41 130  88  70  53 172 190 132  36  44 121 110 140  91  82  58  22 152 120  89  67  44  70  22 140 142 100
 152  50 140 170 125 135 123  60 133 128 138 111 156 134  72 158 140 140 134  80  50 116  92  22  98  80 101 102 129  92  50
 1301000  72 130 120 135  75 140 141  41 142  40  10 106 140  30  86 100  28
 100  80  58  20  50 108  20  58  22 106 120  94  80  80  63  41 100  64  28  14  64  91  67  44  36  28  14  92  72  80  28
  80  30 116  98  70  92  60  62  80  62  67  53  84  64  84  93 122  94  67  44  50  60  36  50  31  64  72  31  60  30  22
  80  721000  58  84  70  14  89  72  70  90  60  80  36 106  50  14  64 100
  50 130  60  70 103 124  42 100  78  70  66 100 134 132  50  22  94  92  58  72 120  66  60  70  80  86  62 150  31  50  31
  22  84 130  44  64  92  41 110  70  42  10  50  31  22 130  62 138  85  36  75 100  58  53 108  40 100  94  28  22  50  80
  78 130  581000  90  36  56  75  22 122  78 112 138  30 114 106  44  80 158
 140 155  31  72 124 192  72 142  80 160 150 174 148 151  40  72  20 148  56  86 100 153  30 128 120  88  98 130 121  53  89
 100 108 200 130 142 169  50 144 151 125  90  41 120 111 166 152 206  22 122  44  70 133  50 104 102 148 156  75  70 108  94
 155 120  84  901000  60  70  28  80 141 160 132 130  98 188  91  86  22 140
  80 150  36  72 120 158  50 123  82 103  90 134 150 150  22  31  60 119  53  80 120 102  31  97 101  91  80 151  67  14  53
  40 100 164  70  98 126  14 130 106  78  31  28  60  58 151  98 172  50  72  64  94  92  44 113  67 125 125  41  14  75  90
 112 135  70  36  601000  60  41  20 140 114 130 144  58 148 106  60  58 161
 102  91  44  14  60 122  14  72  22 113 122 107  90  90  50  36  86  78  14  20  64 100  53  58  50  31  28  94  75  70  31
  78  41 130 100  80 104  50  75  90  70  64  41  86  67  97 101 136  80  72  31  44  70  22  53  40  78  86  28  53  41  30
  91  75  14  56  70  601000  75  67  80 100  70  84  41 120  50  20  50 102
 120 165  31  81 134 190  72 146  91 144 130 170 161 163  28  64  20 150  62  93 120 141  22 128 124 101 102 150 106  30  84
  80 115 196 110 136 164  36 151 144 116  72  36 101  97 173 137 204  10 111  60  90 128  53 120  98 152 156  70  53 106 103
 150 140  89  75  28  41  751000  60 154 152 144 150  92 184 110  86  41 161
  60 150  53  80 120 147  53 120  89  85  70 122 151 150  41  31  80 113  64  84 130  86  50  91 100  97  80 160  50  31  50
  20 101 152  50  86 114  31 130  92  64  14  44  41  42 150  80 160  70  56  78 106  80  56 119  60 120 116  41  14  70  94
 100 141  72  22  80  20  67  601000 140  98 130 151  50 136 116  60  75 170
 152  14 122  72  20  90  90  36  62 148 174  97  14  10 130 110 160  58  91  60  58 126 131  64  44  53  60  60 124 150  91
 144  40 100 155  98 102 130  22 106 108 132 120 141 119  31 134 100 156 116  97  78  92 100  42  85  44  66 100 130  75  50
 100  41  70 122 141 140  80 154 1401000 114  10  40  94 104  56  80 120  60
  60 112 128 110 102  60  91  78 110  41  80  30 128 120 125  89 169  56 110 100 144  20 133  53  75 111  80 164  50 128  72
  86  94  60  72  20  20 116  92  10  36  84 120  67  56 100  30  70 160  42 130 140  30 112 125  60  70  50  84 100  60 101
  14 142  90  78 160 114 100 152  98 1141000 108 146  62  41 132  80 144 170
 144  22 112  63  10  90  80  31  53 140 166  93  22  20 120 100 151  53  81  50  53 120 122  56  36  44  50  60 116 140  81
 134  30 100 147  92  97 120  20 100 100 122 110 133 111  36 126 100 147 108  88  70  84  91  36  75  41  62  90 120  67  41
  94  40  60 112 132 130  70 144 130  10 1081000  41  84 101  50  70 111  63
 176  50 120  72  44 130  97  72  62 178 198 134  31  41 131 119 150  94  91  67  31 158 130  94  72  53  78  20 148 151 108
 160  56 140 178 130 138 132  60 138 134 147 121 164 142  70 164 140 150 140  90  60 122 101  31 106  82 103 111 137  98  58
 133  10  80 138 130 144  84 150 151  40 146  411000 114 142  40  94 110  22
  64 100  66  53  75 100  30  70  58  72  84  78 106 103  64  28 108  63  50  50 100  60  72  41  50  64  36 126  36  72  10
  50  58 106  64  44  72  56  80  53  30  40  58  50  28 100  60 114 100  31  70  84  36  50  84  10  70  67  22  44  20  56
  58 106  36  30  98  58  41  92  50  94  62  84 1141000  92  86  22  81 134
 101  98 158 124 100  22 116  70 122  80 120  14 117 107 156 120 200  50 133 112 150  60 164  62  80 121  93 161  88 162 100
 124 100  20 113  50  22 148  82  44  72 122 150 107  94  80  70  30 192  80 150 152  56 138 130  86  60  40 114 134  80 111
  36 140 106 114 188 148 120 184 136 104  41 101 142  921000 140 102 169 164
 150  70  80  36  44 131  64  72  28 155 170 130  58  64  92  86 110  90  53  36  14 138  90  80  60  22  53  44 122 113  78
 128  40 141 148 113 130  94  66 123 111 114  82 134 114  86 142 144 110 116  50  22 103  63  14  80  81 100  78 102  75  31
 121  30  50 106  91 106  50 110 116  56 132  50  40  86 1401000  64  70  53
  86  90  56  31  60 106  14  63  36  94 106  89  91  90  58  30  98  64  31  28  78  80  64  42  41  42  20 106  58  72  14
  66  41 114  84  60  85  53  70  70  50  53  50  70  50  91  81 120  92  53  50  62  50  36  64  20  67  70  20  50  22  36
  72  86  14  44  86  60  20  86  60  80  80  70  94  22 102  641000  67 114
 130 133  22  50 102 172  53 120  58 150 143 155 126 129  36  60  41 128  36  64  80 140  28 108  98  66  78 110 110  56  72
  93  86 180 122 125 151  44 122 134 110  81  31 111 100 144 140 186  40 110  22  50 115  31  82  84 126 136  60  62  89  72
 137 100  64  80  22  58  50  41  75 120 144 111 110  81 169  70  671000 120
 197  70 133  89  67 151 116  94  80 200 219 158  50  60 145 138 160 117 107  86  41 180 143 116  94  72  98  10 169 167 128
 180  78 161 198 152 161 148  82 161 156 166 136 184 162  90 186 160 160 162 101  70 144 117  50 127 104 126 130 156 120  78
 156  28 100 158 140 161 102 161 170  60 170  63  22 134 164  53 114 1201000
