  80   5
1000  70 152 134 144  50  31  90  41  84 144  58  78 140 106  60 125  67 164  20  86  84  40 108 124  50  22  36 133  70  41
 110  44 132  50  50 111  75  31 101  80  63 160  94  58  36  75  78  53  72  60 110  66  22  41 128  90  64 158  30 140  14
 103 130  81  72  86 100  80 123 107 116  31  94 102  20 122  30  50 100 172
  701000 140 103 130 110  72  22  94  97 151 125 138 157 113 130 132  41 142  75  60  41  31  72 176  64  84 100 130 100  30
 138 102 172  50 120  66  40  44 120  22 132 150 106 116 103  89  60  78 137 106 150 134  60  78  94 128  53 141  80 164  80
 116 155  31  10 144 136  14 135 155  75  40 150 101  70 164  41 100  31 152
 152 1401000  44  10 142 122 130 126  70  41 164 146  60  50 184  41 101  20 136  80 100 135  70 140 102 142 186  22  92 144
  81 134 110 106 190  82 100 128  66 120 178  10  64 136 154  78  81 100 166 114 100 172 164 114  53  97  94  10 128  80 166
  58  80 110 150 141  94 130  50 122  72 147 138  50 169 110 138 120 130  22
 134 103  441000  36 138 108  90 120  70  78 160 152  94  60 177  67  72  40 122  50  62 108  31 160  86 130 170  50  91 116
 101 130 135  84 180  40  67 106  80  81 173  53  70 135 146  72  56  89 166 113 120 169 142 102  10 110  70  41 116 111 148
  70 107  72 112 150 110  91  75 140  30 122 150  50 148 132 114 116  90  50
 144 130  10  361000 136 114 120 120  64  44 158 142  63  44 178  40  91  22 128  70  90 125  60 140  94 134 178  20  86 135
  80 128 110  97 182  72  90 119  63 110 172  20  58 130 148  70  72  92 160 108 100 166 155 106  44  94  85  14 120  82 158
  53  80 100 140 138  92 120  50 121  63 138 135  42 160 110 129 114 120  28
  50 110 142 138 1361000  41 125  20  72 122  22  28 111  92  42 106  90 158  36 100 110  80 120  75  60  28  60 120  50  86
  75  10  90  70  53 130 100  66  78 113  36 148  78  10  20  66  90  50  30  28  70  31  72  40 134  53  80 150  31 103  53
  84  94 111 116  36  63 116 100  60 130  78  44  94  66  80  72  22 135 164
  31  72 122 108 114  411000  84  22  53 113  60  66 110  75  72  94  50 134  14  63  70  42  84 106  22  22  64 102  40  50
  80  31 107  30  72  91  60  28  70  72  70 130  63  44  41  44  53  22  70  36  85  70  50  10 102  63  41 128  10 110  44
  72 100  70  78  72  72  75  92  86  94  44  78  72  50  98  36  28  94 142
  90  22 130  90 120 125  841000 107 100 147 142 151 155 111 150 128  42 130  91  53  31  50  60 186  72 101 120 122 106  50
 142 116 176  58 140  50  36  60 122  14 150 140 108 129 120  92  58  86 153 116 154 151  81  89  80 134  56 130  94 166 100
 116 158  22  28 155 140  10 133 164  60  60 160  97  91 168  60 111  10 140
  41  94 126 120 120  20  22 1071000  56 111  41  44 104  78  58  94  70 142  22  80  90  64 100  86  40  20  63 106  36  70
  70  10  92  50  64 110  80  50  67  94  53 134  64  22  28  50  70  31  50  20  70  50  63  20 115  50  60 134  14 100  50
  72  90  91 100  50  60  97  89  67 110  64  56  78  60  82  56  10 116 148
  84  97  70  70  64  72  53 100  561000  60  94  82  60  22 114  41  58  86  66  50  70  80  63  94  40  72 116  50  22  90
  42  64  78  50 120  76  64  70  22  86 108  78  10  66  84  10  42  31  97  44  58 102 101  44  70  41  44  78  58  66  97
  20  58  78 106  80  44  94  40  72  72  90  80  22 103  72  80  50 106  92
 144 151  41  78  44 122 113 147 111  601000 142 120  20  40 164  20 110  60 125  94 116 140  94 103 100 129 172  28  75 150
  50 116  70 110 174 108 113 130  44 135 156  40  50 114 138  70  91  91 140  94  67 148 161 103  84  70 100  50 116  40 156
  41  41 125 161 114  64 144  22  89 100 150 108  50 163  72 140 102 151  60
  58 125 164 160 158  22  60 142  41  94 1421000  30 130 114  22 126 110 180  50 120 130  94 141  80  80  41  53 142  72  98
  94  31 101  90  40 150 120  81  98 130  14 170 100  28  22  88 110  72  14  50  85  10  78  60 156  72 100 172  50 120  56
 106 111 130 129  40  80 131 120  70 151  89  50 116  70  92  85  44 151 186
  78 138 146 152 142  28  66 151  44  82 120  301000 106  98  50 108 113 164  64 120 132 108 140  50  82  56  81 124  60 114
  70  36  72  94  70 150 123  94  80 138  41 152  85  22  44  80 110  70  22  40  58  31 100  63 150  50 101 155  58  94  80
  89  86 135 144  10  56 141 100  41 150 106  20 104  94  63 100  41 160 170
 140 157  60  94  63 111 110 155 104  60  20 130 1061000  44 152  28 116  80 120 102 124 140 106  84 100 123 166  44  70 150
  36 107  50 110 164 120 119 130  40 141 144  60  50 102 129  70  97  90 128  85  50 136 160 100 100  58 103  70 111  20 151
  41  22 133 165  98  50 150  22  72 112 150  92  58 160  53 140  94 160  80
 106 113  50  60  44  92  75 111  78  22  40 114  98  441000 134  20  72  66  88  58  80 100  64 100  60  94 138  28  42 110
  41  84  76  70 142  78  75  90  20  97 128  56  14  86 106  31  53  53 116  64  60 122 122  66  63  50  60  58  80  56 119
  10  50  89 122  94  50 106  22  80  72 110  91  14 125  72 100  70 116  72
  60 130 184 177 178  42  72 150  58 114 164  22  50 152 1341000 148 120 200  60 134 140 100 156 100  93  50  42 162  92 100
 116  50 122 100  22 163 130  90 120 140  10 190 120  50  31 108 125  89  30  70 107  20  75  75 172  94 112 192  62 142  53
 126 133 140 132  60 102 140 142  91 165  91  70 136  67 113  90  64 160 206
 125 132  41  67  40 106  94 128  94  41  20 126 108  28  20 1481000  91  60 106  75  97 120  78 100  80 111 155  20  58 130
  41 100  70  90 158  92  94 110  28 116 140  44  31  98 122  50  72  72 128  78  60 134 142  84  72  58  80  50  98  44 137
  22  41 107 142 102  53 125  10  82  84 130  97  31 144  70 120  86 133  63
  67  41 101  72  91  90  50  42  70  58 110 110 113 116  72 120  911000 107  60  22  20  36  42 144  31  70 102  90  64  44
 100  80 134  20 117  44  10  36  80  28 120 111  67  91  90  50  20  44 120  75 112 120  70  50  64  92  14 104  60 124  80
  75 116  22  50 116  98  36  94 122  50  50 119  60  78 126  42  72  50 117
 164 142  20  40  22 158 134 130 142  86  60 180 164  80  66 200  60 1071000 148  85 101 142  70 160 114 154 198  41 108 151
 101 150 130 116 204  80 104 138  85 120 194  22  80 152 170  92  89 112 182 130 120 188 174 126  50 116 102  10 140 100 178
  75 100 111 151 160 113 130  70 142  70 155 157  64 180 130 146 136 130  10
  20  75 136 122 128  36  14  91  22  66 125  50  64 120  88  60 106  60 1481000  75  80  44  97 108  36  10  50 116  50  50
  90  28 113  41  58 103  70  31  81  80  60 144  75  42  30  58  67  36  62  41  91  60  41  22 116  70  53 142  10 120  31
  85 110  80  80  70  80  81 103  89 106  42  78  86  40 103  36  31 101 156
  86  60  80  50  70 100  63  53  80  50  94 120 120 102  58 134  75  22  85  751000  22  58  22 141  41  85 122  70  63  66
  92  90 128  36 133  30  20  56  70  41 132  90  56 100 103  44  10  50 130  80 108 130  92  60  42  88  22  82  72 114 100
  64 106  31  70 121  94  50  80 119  31  72 123  44  98 122  64  80  58  94
  84  41 100  62  90 110  70  31  90  70 116 130 132 124  80 140  97  20 101  80  221000  50  31 160  50  90 119  91  80  56
 112 100 148  40 135  28  10  53  92  20 140 110  78 110 110  64  28  62 140  94 128 140  86  70  53 108  31 100  80 136  97
  86 128  10  50 134 114  30 102 138  36  64 138  66  94 142  58  91  36 111
  40  31 135 108 125  80  42  50  64  80 140  94 108 140 100 100 120  36 142  44  58  501000  78 148  41  53  72 120  75  10
 116  72 146  30  90  78  42  14 100  41 101 144  90  86  72  70  53  53 106  78 124 103  36  50 100 102  41 138  50 144  50
 100 135  44  36 114 111  40 120 128  84  14 120  90  44 138  10  70  60 152
 108  72  70  31  60 120  84  60 100  63  94 141 140 106  64 156  78  42  70  97  22  31  781000 157  62 107 144  66  80  86
 102 110 138  58 155  14  36  78  80  50 153  80  66 120 124  60  31  70 150 100 120 151 112  81  22 104  44  70  93 120 122
  72 114  41  81 140 107  60  84 135  10  92 140  50 120 133  84 100  60  80
 124 176 140 160 140  75 106 186  86  94 103  80  50  84 100 100 100 144 160 108 141 160 148 1571000 114 102 131 120  80 156
  60  80  36 128 120 169 152 134  80 172  90 142  91  67  94  97 133 100  70  70  40  80 146  98 160  53 130 150 100  67 128
  90  62 166 182  41  50 178  90  22 166 150  31 110 141  31 142  78 194 162
  50  64 102  86  94  60  22  72  40  40 100  80  82 100  60  93  80  31 114  36  41  50  41  62 1141000  44  84  84  36  50
  76  50 108  14  94  70  41  30  60  58  91 111  50  60  62  30  31  14  90  44  86  90  63  20  80  64  20 108  31 104  64
  60  94  53  72  85  72  64  80  92  72  50  88  53  67 100  40  41  80 122
  22  84 142 130 134  28  22 101  20  72 129  41  56 123  94  50 111  70 154  10  85  90  53 107 102  441000  44 122  53  58
  90  22 111  50  50 113  80  41  84  90  50 150  80  36  20  64  75  42  53  40  90  50  44  28 124  70  63 148  14 120  30
  89 110  90  88  64  80  91 106  85 116  50  72  92  41 101  44  30 111 162
  36 100 186 170 178  60  64 120  63 116 172  53  81 166 138  42 155 102 198  50 122 119  72 144 131  84  441000 166  97  70
 132  60 150  86  22 146 111  66 128 113  50 194 124  70  40 108 114  86  67  82 130  58  40  72 164 110 100 192  58 160  22
 133 151 116 100  91 120 110 150 120 152  60 100 136  30 140  63  72 130 206
 133 130  22  50  20 120 102 122 106  50  28 142 124  44  28 162  20  90  41 116  70  91 120  66 120  84 122 1661000  70 130
  60 112  90  91 170  80  90 113  44 110 156  28  42 114 134  58  70  80 144  92  80 150 147  94  56  75  80  31 108  63 146
  36  60 100 140 119  72 120  30 101  72 132 116  31 151  90 122  98 126  44
  70 100  92  91  86  50  40 106  36  22  75  72  60  70  42  92  58  64 108  50  63  80  75  80  80  36  53  97  701000  85
  41  42  72  50 100  91  72  63  31  92  86  98  28  44  64  20  53  22  75  22  50  80  90  30  90  28  50 100  41  70  81
  36  60  86 108  60  36  98  53  58  90  82  60  44  90  64  72  28 114 114
  41  30 144 116 135  86  50  50  70  90 150  98 114 150 110 100 130  44 151  50  66  56  10  86 156  50  58  70 130  851000
 126  78 155  40  90  84  50  22 110  44 103 153 100  92  76  80  63  63 111  86 133 107  31  58 108 111  50 148  56 154  50
 110 144  50  31 120 120  41 130 136  92  10 126 100  41 147  14  78  60 161
 110 138  81 101  80  75  80 142  70  42  50  94  70  36  41 116  41 100 101  90  92 112 116 102  60  76  90 132  60  41 126
1000  72  36  89 128 116 106 104  22 128 108  84  36  66  94  50  84  63  92  50  20 100 130  70 103  22  86  91  80  30 120
  31  20 120 147  64  14 136  31  41 110 123  58  53 130  31 113  60 148 104
  44 102 134 130 128  10  31 116  10  64 116  31  36 107  84  50 100  80 150  28  90 100  72 110  80  50  22  60 112  42  78
  721000  90  60  58 120  90  58  72 103  44 140  70  14  22  58  80  41  40  22  70  41  66  30 125  50  70 142  22 100  50
  78  91 101 108  42  60 106  94  63 120  70  50  86  63  80  64  14 125 156
 132 172 110 135 110  90 107 176  92  78  70 101  72  50  76 122  70 134 130 113 128 148 146 138  36 108 111 150  90  72 155
  36  901000 122 141 152 140 133  58 162 113 110  72  80 110  84 120  94  94  72  22 103 153  97 139  44 120 120 103  31 140
  67  30 154 180  62  36 170  60  31 146 150  53  89 151  10 141  82 182 130
  50  50 106  84  97  70  30  58  50  50 110  90  94 110  70 100  90  20 116  41  36  40  30  58 128  14  50  86  91  50  40
  89  60 1221000  98  63  30  22  72  44 100 116  60  72  70  41  28  28 100  58 100 100  58  31  78  78  14 111  40 116  64
  70 107  41  58  97  86  50  90 106  67  41 102  60  64 114  31  53  66 125
  50 120 190 180 182  53  72 140  64 120 174  40  70 164 142  22 158 117 204  58 133 135  90 155 120  94  50  22 170 100  90
 128  58 141  981000 161 125  81 130 130  31 198 128  62  36 112 125  92  50  80 123  41  60  78 174 106 111 197  64 156  40
 136 147 131 120  80 116 130 152 110 164  80  90 140  50 131  80  72 150 212
 111  66  82  40  72 130  91  50 110  76 108 150 150 120  78 163  92  44  80 103  30  28  78  14 169  70 113 146  80  91  84
 116 120 152  63 1611000  36  80  94  44 160  92  80 130 131  72  40  80 160 110 133 160 114  90  30 116  50  80 100 134 124
  86 128  36  75 150 120  53  98 147  10  92 151  64 122 147  86 110  50  90
  75  40 100  67  90 100  60  36  80  64 113 120 123 119  75 130  94  10 104  70  20  10  42  36 152  41  80 111  90  72  50
 106  90 140  30 125  361000  44  86  22 130 110  72 101 100  56  22  53 130  84 120 130  78  60  58 100  22 101  70 130  88
  80 122  14  50 125 106  31  97 130  42  56 128  63  86 134  50  82  42 114
  31  44 128 106 119  66  28  60  50  70 130  81  94 130  90  90 110  36 138  31  56  53  14  78 134  30  41  66 113  63  22
 104  58 133  22  81  80  441000  90  50  90 138  80  72  60  60  50  41  93  64 111  91  36  36  98  89  36 133  36 133  44
  90 123  50  50 100  98  50 110 114  86  20 106  82  42 125  10  56  70 147
 101 120  66  80  63  78  70 122  67  22  44  98  80  40  20 120  28  80  85  81  70  92 100  80  80  60  84 128  44  31 110
  22  72  58  72 130  94  86  901000 108 112  72  14  70  94  31  64  50 100  50  41 106 120  60  81  31  66  75  72  44 112
  10  36 100 128  75  30 116  22  60  88 110  72  31 120  53 100  58 128  89
  80  22 120  81 110 113  72  14  94  86 135 130 138 141  97 140 116  28 120  80  41  20  41  50 172  58  90 113 110  92  44
 128 103 162  44 130  44  22  50 1081000 140 130  94 116 110  78  44  72 142 102 140 140  75  75  72 120  42 120  82 152  91
 102 144  10  31 141 126  10 119 150  53  53 146  85  84 154  50  97  22 131
  63 132 178 173 172  36  70 150  53 108 156  14  41 144 128  10 140 120 194  60 132 140 101 153  90  91  50  50 156  86 103
 108  44 113 100  31 160 130  90 112 1401000 184 114  42  30 102 122  84  20  64  98  10  80  72 168  86 110 186  60 134  58
 120 125 140 135  50  94 140 134  81 163  94  60 130  72 103  92  58 160 200
 160 150  10  53  20 148 130 140 134  78  40 170 152  60  56 190  44 111  22 144  90 110 144  80 142 111 150 194  28  98 153
  84 140 110 116 198  92 110 138  72 130 1841000  70 142 162  86  91 108 172 120 103 178 173 122  63 102 103  14 136  80 174
  64  80 120 160 146  97 140  53 125  82 156 141  58 178 111 147 126 140  20
  94 106  64  70  58  78  63 108  64  10  50 100  85  50  14 120  31  67  80  75  56  78  90  66  91  50  80 124  42  28 100
  36  70  72  60 128  80  72  80  14  94 114  701000  72  92  20  50  41 102  50  53 108 111  53  70  40  53  72  67  58 106
  10  50  86 115  82  41 102  30  70  75 100  80  20 113  67  90  56 114  86
  58 116 136 135 130  10  44 129  22  66 114  28  22 102  86  50  98  91 152  42 100 110  86 120  67  60  36  70 114  44  92
  66  14  80  72  62 130 101  72  70 116  42 142  721000  30  63  90  50  31  22  60  36  80  41 132  44  80 144  36  94  63
  78  84 113 122  28  53 119  92  50 130  84  36  88  75  70  78  20 138 158
  36 103 154 146 148  20  41 120  28  84 138  22  44 129 106  31 122  90 170  30 103 110  72 124  94  62  20  40 134  64  76
  94  22 110  70  36 131 100  60  94 110  30 162  92  301000  78  94  58  36  44  90  31  56  44 141  72  81 162  31 122  36
 100 113 110 107  53  82 110 116  80 134  67  63 106  50 100  63  36 130 176
  75  89  78  72  70  66  44  92  50  10  70  88  80  70  31 108  50  50  92  58  44  64  70  60  97  30  64 108  58  20  80
  50  58  84  41 112  72  56  60  31  78 102  86  20  63  781000  36  22  94  41  64  97  92  36  70  44  36  84  50  75  88
  30  67  70  97  80  50  86  50  75  70  80  80  28  94  78  70  44  98  98
  78  60  81  56  72  90  53  58  70  42  91 110 110  97  53 125  72  20  89  67  10  28  53  31 133  31  75 114  70  53  63
  84  80 120  28 125  40  22  50  64  44 122  91  50  90  94  361000  40 120  70 100 120  86  50  50  80  14  85  62 108  92
  58 100  36  70 111  86  53  75 111  41  67 113  41  92 114  58  70  64  98
  53  78 100  89  92  50  22  86  31  31  91  72  70  90  53  89  72  44 112  36  50  62  53  70 100  14  42  86  80  22  63
  63  41  94  28  92  80  53  41  50  72  84 108  41  50  58  22  401000  80  31  72  81  70  14  84  50  31 106  28  92  66
  50  82  66  86  72  58  78  70  78  80  60  75  50  72  86  50  30  94 120
  72 137 166 166 160  30  70 153  50  97 140  14  22 128 116  30 128 120 182  62 130 140 106 150  70  90  53  67 144  75 111
  92  40  94 100  50 160 130  93 100 142  20 172 102  31  36  94 120  801000  53  80  10  92  70 163  70 110 174  60 116  70
 108 108 140 141  31  78 144 120  62 160 102  41 119  84  84  97  50 163 188
  60 106 114 113 108  28  36 116  20  44  94  50  40  85  64  70  78  75 130  41  80  94  78 100  70  44  40  82  92  22  86
  50  22  72  58  80 110  84  64  50 102  64 120  50  22  44  41  70  31  531000  50  58  81  28 111  30  62 122  31  80  70
  56  70  97 112  41  40 108  72  50 110  80  44  66  80  63  72  10 124 136
 110 150 100 120 100  70  85 154  70  58  67  85  58  50  60 107  60 112 120  91 108 128 124 120  40  86  90 130  80  50 133
  20  70  22 100 123 133 120 111  41 140  98 103  53  60  90  64 100  72  80  501000  89 131  75 122  22  98 110  81  36 120
  50  28 134 158  50  14 148  50  22 128 128  42  72 130  14 119  60 162 123
  66 134 172 169 166  31  70 151  50 102 148  10  31 136 122  20 134 120 188  60 130 140 103 151  80  90  50  58 150  80 107
 100  41 103 100  41 160 130  91 106 140  10 178 108  36  31  97 120  81  10  58  891000  86  70 166  78 110 180  60 125  64
 114 116 140 138  41  86 141 127  72 160  98  50 124  78  94  94  53 161 194
  22  60 164 142 155  72  50  81  63 101 161  78 100 160 122  75 142  70 174  41  92  86  36 112 146  63  44  40 147  90  31
 130  66 153  58  60 114  78  36 120  75  80 173 111  80  56  92  86  70  92  81 131  861000  60 134 110  72 169  50 160  22
 120 150  80  60 108 120  72 140 129 120  22 116 116  10 144  28  72  91 183
  41  78 114 102 106  40  10  89  20  44 103  60  63 100  66  75  84  50 126  22  60  70  50  81  98  20  28  72  94  30  58
  70  30  97  31  78  90  60  36  60  75  72 122  53  41  44  36  50  14  70  28  75  70  601000  97  53  40 120  14 100  53
  63  90  72  84  66  63  80  82  78  91  53  72  64  60  89  44  22  98 134
 128  94  53  10  44 134 102  80 115  70  84 156 150 100  63 172  72  64  50 116  42  53 100  22 160  80 124 164  56  90 108
 103 125 139  78 174  30  58  98  81  72 168  63  70 132 141  70  50  84 163 111 122 166 134  971000 110  64  50 111 116 142
  72 111  63 103 150 110  82  80 140  20 114 150  50 140 134 106 113  80  60
  90 128  97 110  94  53  63 134  50  41  70  72  50  58  50  94  58  92 116  70  88 108 102 104  53  64  70 110  75  28 111
  22  50  44  78 106 116 100  89  31 120  86 102  40  44  72  44  80  50  70  30  22  78 110  53 1101000  78 106  60  50 100
  41  41 114 136  44  10 126  50  31 113 106  41  60 110  36  97  40 142 120
  64  53  94  70  85  80  41  56  60  44 100 100 101 103  60 112  80  14 102  53  22  31  41  44 130  20  63 100  80  50  50
  86  70 120  14 111  50  22  36  66  42 110 103  53  80  81  36  14  31 110  62  98 110  72  40  64  781000  98  50 111  78
  63 102  36  62 103  84  50  82 108  53  53 107  50  78 112  44  60  64 111
 158 141  10  41  14 150 128 130 134  78  50 172 155  70  58 192  50 104  10 142  82 100 138  70 150 108 148 192  31 100 148
  91 142 120 111 197  80 101 133  75 120 186  14  72 144 162  84  85 106 174 122 110 180 169 120  50 106  981000 134  90 172
  67  90 110 150 151 103 130  60 132  70 151 147  56 174 120 142 128 130  14
  30  80 128 116 120  31  10  94  14  58 116  50  58 111  80  62  98  60 140  10  72  80  50  93 100  31  14  58 108  41  56
  80  22 103  40  64 100  70  36  72  82  60 136  67  36  31  50  62  28  60  31  81  60  50  14 111  60  50 1341000 110  41
  76 100  80  86  64  70  85  94  80 103  50  70  78  50  94  42  22 104 148
 140 164  80 111  82 103 110 166 100  66  40 120  94  20  56 142  44 124 100 120 114 136 144 120  67 104 120 160  63  70 154
  30 100  31 116 156 134 130 133  44 152 134  80  58  94 122  75 108  92 116  80  36 125 160 100 116  50 111  90 1101000 150
  50  10 144 172  86  41 160  36  56 128 152  78  70 160  36 142  90 172 100
  14  80 166 148 158  53  44 100  50  97 156  56  80 151 119  53 137  80 178  31 100  97  50 122 128  64  30  22 146  81  50
 120  50 140  64  40 124  88  44 112  91  58 174 106  63  36  88  92  66  70  70 120  64  22  53 142 100  78 172  41 1501000
 116 140  94  80  88 110  90 135 113 130  40  97 116  14 130  41  60 110 186
 103 116  58  70  53  84  72 116  72  20  41 106  89  41  10 126  22  75  75  85  64  86 100  72  90  60  89 133  36  36 110
  31  78  67  70 136  86  80  90  10 102 120  64  10  78 100  30  58  50 108  56  50 114 120  63  72  41  63  67  76  50 116
1000  42  94 125  85  40 111  20  70  80 110  82  22 122  62 100  64 122  80
 130 155  80 107  80  94 100 158  90  58  41 111  86  22  50 133  41 116 100 110 106 128 135 114  62  94 110 151  60  60 144
  20  91  30 107 147 128 122 123  36 144 125  80  50  84 113  67 100  82 108  70  28 116 150  90 111  41 102  90 100  10 140
  421000 136 164  78  31 152  31  50 122 142  70  64 150  31 132  80 164 100
  81  31 110  72 100 111  70  22  91  78 125 130 135 133  89 140 107  22 111  80  31  10  44  41 166  53  90 116 100  86  50
 120 101 154  41 131  36  14  50 100  10 140 120  86 113 110  70  36  66 140  97 134 140  80  72  63 114  36 110  80 144  94
  94 1361000  41 138 120  20 111 144  44  58 142  75  88 148  53  94  28 121
  72  10 150 112 140 116  78  28 100 106 161 129 144 165 122 132 142  50 151  80  70  50  36  81 182  72  88 100 140 108  31
 147 108 180  58 120  75  50  50 128  31 135 160 115 122 107  97  70  86 141 112 158 138  60  84 103 136  62 150  86 172  80
 125 164  411000 150 144  22 144 162  84  41 156 110  70 172  44 106  36 162
  86 144 141 150 138  36  72 155  50  80 114  40  10  98  94  60 102 116 160  70 121 134 114 140  41  85  64  91 119  60 120
  64  42  62  97  80 150 125 100  75 141  50 146  82  28  53  80 111  72  31  41  50  41 108  66 150  44 103 151  64  86  88
  85  78 138 1501000  50 146  94  31 150 112  10 101 102  53 106  44 164 165
 100 136  94 110  92  63  72 140  60  44  64  80  56  50  50 102  53  98 113  80  94 114 111 107  50  72  80 120  72  36 120
  14  60  36  86 116 120 106  98  30 126  94  97  41  53  82  50  86  58  78  40  14  86 120  63 110  10  84 103  70  41 110
  40  31 120 144  501000 134  44  30 116 116  44  60 120  28 107  50 148 117
  80  14 130  91 120 116  75  10  97  94 144 131 141 150 106 140 125  36 130  81  50  30  40  60 178  64  91 110 120  98  41
 136 106 170  50 130  53  31  50 116  10 140 140 102 119 110  86  53  78 144 108 148 141  72  80  82 126  50 130  85 160  90
 111 152  20  22 146 1341000 128 156  63  50 152  94  81 162  50 102  20 141
 123 135  50  75  50 100  92 133  89  40  22 120 100  22  22 142  10  94  70 103  80 102 120  84  90  80 106 150  30  53 130
  31  94  60  90 152  98  97 110  22 119 134  53  30  92 116  50  75  70 120  72  50 127 140  82  80  50  82  60  94  36 135
  20  31 111 144  94  44 1281000  72  92 130  88  36 142  60 120  80 138  72
 107 155 122 140 121  60  86 164  67  72  89  70  41  72  80  91  82 122 142  89 119 138 128 135  22  92  85 120 101  58 136
  41  63  31 106 110 147 130 114  60 150  81 125  70  50  80  75 111  78  62  50  22  72 129  78 140  31 108 132  80  56 113
  70  50 144 162  31  30 156  721000 144 130  22  90 125  22 122  58 172 145
 116  75  72  30  63 130  94  60 110  72 100 151 150 112  72 165  84  50  70 106  31  36  84  10 166  72 116 152  72  90  92
 110 120 146  67 164  10  42  86  88  53 163  82  75 130 134  70  41  80 160 110 128 160 120  91  20 113  53  70 103 128 130
  80 122  44  84 150 116  63  92 1441000  98 150  58 128 142  92 110  60  80
  31  40 147 122 138  78  44  60  64  90 150  89 106 150 110  91 130  50 155  42  72  64  14  92 150  50  50  60 132  82  10
 123  70 150  41  80  92  56  20 110  53  94 156 100  84  67  80  67  60 102  80 128  98  22  53 114 106  53 151  50 152  40
 110 142  58  41 112 116  50 130 130  981000 120 101  31 142  10  72  70 165
  94 150 138 150 135  44  78 160  56  80 108  50  20  92  91  70  97 119 157  78 123 138 120 140  31  88  72 100 116  60 126
  58  50  53 102  90 151 128 106  72 146  60 141  80  36  63  80 113  75  41  44  42  50 116  72 150  41 107 147  70  78  97
  82  70 142 156  10  44 152  88  22 150 1201000 100 110  44 112  50 168 161
 102 101  50  50  42  94  72  97  78  22  50 116 104  58  14 136  31  60  64  86  44  66  90  50 110  53  92 136  31  44 100
  53  86  89  60 140  64  63  82  31  85 130  58  20  88 106  28  41  50 119  66  72 124 116  64  50  60  50  56  78  70 116
  22  64  75 110 101  60  94  36  90  58 101 1001000 120  84  91  72 102  70
  20  70 169 148 160  66  50  91  60 103 163  70  94 160 125  67 144  78 180  40  98  94  44 120 141  67  41  30 151  90  41
 130  63 151  64  50 122  86  42 120  84  72 178 113  75  50  94  92  72  84  80 130  78  10  60 140 110  78 174  50 160  14
 122 150  88  70 102 120  81 142 125 128  31 110 1201000 142  36  70 101 188
 122 164 110 132 110  80  98 168  82  72  72  92  63  53  72 113  70 126 130 103 122 142 138 133  31 100 101 140  90  64 147
  31  80  10 114 131 147 134 125  53 154 103 111  67  70 100  78 114  86  84  63  14  94 144  89 134  36 112 120  94  36 130
  62  31 148 172  53  28 162  60  22 142 142  44  84 1421000 133  72 176 131
  30  41 138 114 129  72  36  60  56  80 140  85 100 140 100  90 120  42 146  36  64  58  10  84 142  40  44  63 122  72  14
 113  64 141  31  80  86  50  10 100  50  92 147  90  78  63  70  58  50  97  72 119  94  28  44 106  97  44 142  42 142  41
 100 132  53  44 106 107  50 120 122  92  10 112  91  36 1331000  64  70 156
  50 100 120 116 114  22  28 111  10  50 102  44  41  94  70  64  86  72 136  31  80  91  70 100  78  41  30  72  98  28  78
  60  14  82  53  72 110  82  56  58  97  58 126  56  20  36  44  70  30  50  10  60  53  72  22 113  40  60 128  22  90  60
  64  80  94 106  44  50 102  80  58 110  72  50  72  70  72  641000 120 142
 100  31 130  90 120 135  94  10 116 106 151 151 160 160 116 160 133  50 130 101  58  36  60  60 194  80 111 130 126 114  60
 148 125 182  66 150  50  42  70 128  22 160 140 114 138 130  98  64  94 163 124 162 161  91  98  80 142  64 130 104 172 110
 122 164  28  36 164 148  20 138 172  60  70 168 102 101 176  70 1201000 140
 172 152  22  50  28 164 142 140 148  92  60 186 170  80  72 206  63 117  10 156  94 111 152  80 162 122 162 206  44 114 161
 104 156 130 125 212  90 114 147  89 131 200  20  86 158 176  98  98 120 188 136 123 194 183 134  60 120 111  14 148 100 186
  80 100 121 162 165 117 141  72 145  80 165 161  70 188 131 156 142 1401000
