  80   5
1000 125  86 111 100 116  50  28  41  80 106 113  53 128  41  70  91  31 100 113 148  80 110 110  70  44  90  80  50  31 130
  41  72 100  28 122  64 101  60  36  50 142  58  78  14  53  80 120 120  30 121  78 119 120 126  20  97  72  63  86  85  70
  30 100 136  44  60  84  91 130  42 110  22  75 106 100 156  50 122 103 162
 1251000 102  92 116 174  80 116 110 160 100 114  72  10 152 114  67 156 142  70  60 125 146 138 113  81  42  64  90 110  86
  94  81  53 100  10 120 151 120 100 120  50 126 108 113 134 135  50  50 153  60  72  14  90  58 144  84 100 140  50 153  64
 138  72  80 100 110  98 111  31 150  31 141  50  20  28  60  75  78  22  70
  86 1021000 150 157 194  53  58 108 162 151 163  72 111  80  20  36 107 169  44 154 146 177 173 133  75  63  41  97 100 160
  50 113  50  86  94  30 174 130  94  41 144  40  10  84  50 152  64 131 111  58 110 107  40 141 102  22  14 142 100 164  50
  72 130 160  42 124 135 147 125 128  72 108  80  94  75 156  63 150  85 167
 111  92 1501000  30  90 100 123  72  94  10  22  80  86 151 150 125 136  60 142  60  53  60  50  50  80  97 113  63  80  22
 110  41 120  85  98 150  70  64  75 140  60 150 150  97 152  62 130  44 128 138  40  78 160  41 122 144 140  80  53  81 101
 138  22  31 120  56  28  31  66 106 108 114  72  78  94  70  90  20  86  70
 100 116 157  301000  60 104 120  60  66  20  14  85 111 142 151 138 119  30 158  90  28  31  22  31  82 114 124  60  70  50
 110  44 136  80 122 150  40  44  70 140  90 150 154  90 150  36 148  72 111 156  50 102 174  70 107 155 144  56  70  53 110
 130  44  60 120  41  22  10  94  86 126  97  86 100 112 100  94  50 106 100
 116 174 194  90  601000 142 142  86  40  80  70 126 169 151 183 182 120  31 204 150  50  30  40  64 120 164 168  98  94 110
 144  94 184 108 177 178  22  64 100 164 150 173 188 111 170  42 200 132 110 206 102 159 218 130 110 198 180  53 124  31 154
 144 103 120 152  70  75  62 153  80 180 100 136 155 166 160 134 110 160 160
  50  80  53 100 104 1421000  36  56 114 100 110  20  86  72  50  44  80 116  66 116  94 124 120  80  22  41  31  44  50 111
  14  60  50  36  75  50 122  78  42  44 108  53  50  41  58 100  70  89  80  72  60  78  78  97  70  56  41  92  53 112  20
  58  80 113  22  72  82  94  92  85  60  70  36  64  53 122  10 101  58 130
  28 116  58 123 120 142  361000  60 108 120 130  50 122  36  42  70  50 122  90 150 100 131 130  90  44  75  60  60  50 138
  22  82  80  40 111  36 125  81  50  22 142  31  50  31  30 103 100 122  53 100  85 114  94 130  44  72  44  89  86 111  53
  22 107 141  20  80 100 110 126  70  94  50  70 100  88 156  42 128  94 164
  41 110 108  72  60  86  56  601000  58  66  72  44 110  82  97 100  64  63 122 116  41  72  70  30  36  85  86  20  10  92
  58  36 102  22 110  94  66  22  14  82 111  91 102  30  90  44 120  88  56 124  44 100 134  94  50 112  94  36  60  56  72
  70  64  98  66  20  44  50 104  41 104  42  60  90  91 124  50  84  90 130
  80 160 162  94  66  40 114 108  581000  84  80 102 160 113 150 158  80  42 180 151  41  50  56  50  94 142 144  75  64 115
 112  80 160  78 163 144  36  41  72 130 150 138 156  78 133  31 177 130  70 182  90 150 192 130  72 170 148  22 110  14 130
 107 100 125 120  50  70  62 150  41 160  63 116 141 147 161 108 112 144 164
 106 100 151  10  20  80 100 120  66  841000  14  80  94 147 150 129 130  50 146  70  44  50  41  42  80 102 117  60  75  31
 110  40 124  82 106 150  60  56  72 140  70 150 150  94 150  53 136  53 122 144  41  86 164  50 116 148 140  72  58  72 104
 135  28  41 120  50  22  22  75  98 114 108  76  84 100  80  90  30  92  80
 113 114 163  22  14  70 110 130  72  80  141000  91 108 154 160 142 133  41 160  80  42  40  30  44  90 116 129  70  82  40
 120  50 138  90 120 160  50  58  80 150  82 160 160 101 160  50 150  66 124 158  53 100 177  63 120 160 150  70  72  67 116
 142  42  50 130  53  30  22  88 100 128 111  89  98 114  90 100  41 106  90
  53  72  72  80  85 126  20  50  44 102  80  911000  75  84  70  56  84 100  78 100  78 108 102  64  10  41  42  28  41  91
  31  41  58  30  70  70 106  64  31  62  92  72  70  41  75  84  76  72  82  80  40  66  92  80  72  72  60  80  36 100  28
  70  60  94  41  56  63  75  78  80  60  70  22  53  50 106  10  81  50 114
 128  10 111  86 111 169  86 122 110 160  94 108  751000 158 122  76 160 138  80  50 123 142 133 111  84  50  72  90 111  78
 100  80  63 103  20 128 147 120 101 126  41 134 116 116 140 133  60  42 156  70  70  10 100  50 147  94 108 140  50 152  70
 144  67  72 106 110  94 107  22 150  41 144  53  22  36  50  80  70  28  60
  41 152  80 151 142 151  72  36  82 113 147 154  84 1581000  60 100  36 140 120 184 120 150 150 111  78 111  94  89  72 169
  58 111 113  67 147  50 140 100  75  40 176  41  70  53  31 120 132 156  44 130 116 150 120 164  41 100  70 100 120 120  89
  14 138 174  53 101 125 132 162  72 129  50 106 136 124 190  78 160 130 198
  70 114  20 150 151 183  50  42  97 150 150 160  70 122  601000  50  89 159  63 160 137 168 165 125  70  72  50  91  89 160
  41 110  64  75 106  10 164 120  84  22 151  20  10  72  30 142  80 135  94  75 110 116  60 144  86  41  14 130 100 152  53
  53 130 161  31 115 130 141 133 112  84  92  81 102  86 164  60 150  94 174
  91  67  36 125 138 182  44  70 100 158 129 142  56  76 100  501000 120 156  22 120 134 164 158 120  64  30  14  84  94 131
  50  94  14  80  58  58 162 120  86  63 110  67  42  85  76 140  31 100 120  30  89  72  36 110 110  20  36 136  72 156  28
  90 103 130  50 112 116 130  91 129  36 113  53  60  41 122  50 121  50 133
  31 156 107 136 119 120  80  50  64  80 130 133  84 160  36  89 1201000 111 140 178  94 120 123  89  75 121 110  78  56 156
  70  98 130  58 153  80 110  75  64  67 172  72  98  44  64  92 150 150  10 150 106 150 144 156  14 122  94  70 116  90 100
  36 126 162  70  80 108 111 160  40 140  22 106 137 131 186  81 148 134 192
 100 142 169  60  30  31 116 122  63  42  50  41 100 138 140 159 156 1111000 176 120  22  10  14  36  94 134 142  72  72  80
 119  64 154  84 146 157  10  41  75 144 120 153 163  91 151  20 170 101 101 176  72 128 192 100 100 172 155  41  94  28 128
 130  72  90 128  44  44  31 122  72 150  90 106 124 136 130 108  80 130 130
 113  70  44 142 158 204  66  90 122 180 146 160  78  80 120  63  22 140 1761000 130 155 184 178 141  86  44  36 106 116 144
  72 114  22 102  60  72 183 142 108  80 120  81  53 107  91 162  22 110 142  14 108  80  20 120 132  22  50 158  88 178  50
 110 119 142  70 134 136 150 100 151  40 135  72  70  50 130  72 135  60 140
 148  60 154  60  90 150 116 150 116 151  70  80 100  50 184 160 120 178 120 1301000 110 120 110 103 106  91 113 100 122  41
 130  80 110 120  70 164 130 116 114 160  10 169 157 134 174 120 110  28 172 120  72  50 150  22 164 140 148 135  64 140 107
 170  53  31 138 106  82  90  30 155  90 158  80  60  80  10 108  40  70  14
  80 125 146  53  28  50  94 100  41  41  44  42  78 123 120 137 134  94  22 155 1101000  31  30  14  72 114 120  50  50  75
  97  44 134  62 128 135  28  20  53 122 110 131 141  70 130  10 150  90  85 156  53 113 170  90  82 150 133  28  75  30 106
 110  60  84 106  22  30  22 110  58 130  72  86 106 116 120  86  72 111 123
 110 146 177  60  31  30 124 131  72  50  50  40 108 142 150 168 164 120  10 184 120  311000  10  44 102 140 150  80  81  80
 128  70 162  93 152 166  14  50  84 153 120 162 172 100 160  30 176 103 110 182  78 133 200 100 110 180 164  50 100  36 136
 140  75  90 137  53  50  36 125  81 156 100 112 130 142 130 116  80 136 130
 110 138 173  50  22  40 120 130  70  56  41  30 102 133 150 165 158 123  14 178 110  30  101000  41  98 134 144  76  80  70
 125  64 156  91 144 163  22  50  81 151 110 161 170 100 160  31 168  94 113 176  70 124 194  91 111 174 161  53  92  42 130
 140  66  80 135  50  42  28 116  84 148 101 106 122 134 120 111  70 128 120
  70 113 133  50  31  64  80  90  30  50  42  44  64 111 111 125 120  89  36 141 103  14  44  411000  58 100 106  36  40  72
  84  31 120  50 115 122  42  14  41 110 100 120 129  60 120  22 136  80  80 142  41 101 156  81  76 136 120  31  62  41  92
 100  50  80  94  10  22  22 100  56 116  67  72  93 102 112  72  66  98 117
  44  81  75  80  82 120  22  44  36  94  80  90  10  84  78  70  64  75  94  86 106  72 102  98  581000  50  50  22  31  94
  30  40  67  20  80  70 100  56  22  60  98  70  72  31  72  78  85  78  72  89  41  75  98  86  62  78  63  72  42  92  36
  64  63  97  40  50  60  72  86  70  70  60  31  62  60 112  14  84  60 120
  90  42  63  97 114 164  41  75  85 142 102 116  41  50 111  72  30 121 134  44  91 114 140 134 100  501000  22  67  81 101
  53  70  22  70  36  78 142 102  72  78  81  84  66  80  92 122  36  70 120  42  64  44  63  80 110  50  58 120  44 138  22
  97  75 100  58  94  92 106  62 120  20 110  28  31  14  93  40  92  22 104
  80  64  41 113 124 168  31  60  86 144 117 129  42  72  94  50  14 110 142  36 113 120 150 144 106  50  221000  70  80 120
  40  80  20  66  56  56 148 106  72  58 103  64  44  72  72 126  40  90 110  41  76  66  50 100 100  31  36 122  60 142  14
  82  91 120  41  98 102 116  84 116  36 101  41  53  36 115  36 110  44 126
  50  90  97  63  60  98  44  60  20  75  60  70  28  90  89  91  84  78  72 106 100  50  80  76  36  22  67  701000  22  80
  50  22  86  22  90  90  78  36  14  80  94  90  94  36  90  56 102  72  72 108  28  80 120  78  64 100  85  53  41  72  56
  75  50  86  60  28  40  50  85  60  85  58  41  70  72 108  36  72  70 114
  31 110 100  80  70  94  50  50  10  64  75  82  41 111  72  89  94  56  72 116 122  50  81  80  40  31  81  80  221000 100
  50  42  97  14 110  85  75  31  10  72 116  81  94  20  80  53 116  94  50 119  50 101 128 100  42 106  86  42  63  64  66
  60  70 106  58  30  53  60 107  40 101  36  60  90  90 130  44  92  90 136
 130  86 160  22  50 110 111 138  92 115  31  40  91  78 169 160 131 156  80 144  41  75  80  70  72  94 101 120  80 1001000
 122  58 123 102  94 161  90  86  94 154  44 163 160 116 166  84 129  36 148 138  53  72 164  28 142 151 150 102  60 103 110
 155  31  10 132  78  50  53  56 128 107 134  80  76  94  50 101  10  85  50
  41  94  50 110 110 144  14  22  58 112 110 120  31 100  58  41  50  70 119  72 130  97 128 125  84  30  53  40  50  50 122
1000  70  60  36  89  40 124  80  44  31 122  41  44  36  44 102  80 102  70  80  70  92  80 111  60  58  36  92  66 114  31
  44  91 125  10  75  90 100 106  80  72  63  50  78  66 136  22 112  72 144
  72  81 113  41  44  94  60  82  36  80  40  50  41  80 111 110  94  98  64 114  80  44  70  64  31  40  70  80  22  42  58
  701000  92  44  84 110  72  40  36 100  75 110 110  58 111  53 106  53  92 112  10  70 130  58  84 111 100  60  31  72  66
  97  28  64  80  30  22  36  70  75  86  78  42  62  72  89  50  50  67  94
 100  53  50 120 136 184  50  80 102 160 124 138  58  63 113  64  14 130 154  22 110 134 162 156 120  67  22  20  86  97 123
  60  921000  84  44  72 162 122  89  75 100  80  56  91  89 142  20  90 130  22  86  60  41 100 120  31  50 138  66 158  31
 101  97 121  60 114 114 128  80 134  22 120  50  50  30 110  53 114  40 121
  28 100  86  85  80 108  36  40  22  78  82  90  30 103  67  75  80  58  84 102 120  62  93  91  50  20  70  66  22  14 102
  36  44  841000 100  72  88  44  10  60 114  70  80  14  70  66 103  92  53 106  50  94 114  98  44  92  72  56  58  78  53
  53  72 108  44  41  60  70 102  50  90  41  50  81  80 128  31  94  80 134
 122  10  94  98 122 177  75 111 110 163 106 120  70  20 147 106  58 153 146  60  70 128 152 144 115  80  36  56  90 110  94
  89  84  44 1001000 112 155 123 100 114  60 120 100 111 128 138  40  58 152  50  75  22  80  66 142  75  92 142  53 156  58
 133  78  88  94 113 102 116  41 150  22 140  50  22  22  70  72  86  20  80
  64 120  30 150 150 178  50  36  94 144 150 160  70 128  50  10  58  80 157  72 164 135 166 163 122  70  78  56  90  85 161
  40 110  72  72 1121000 160 116  82  14 155  10  20  67  20 138  89 138  86  85 110 122  70 147  78  50  22 125 103 147  58
  44 130 163  30 113 130 140 138 106  92  84  84 108  92 169  60 151 100 178
 101 151 174  70  40  22 122 125  66  36  60  50 106 147 140 164 162 110  10 183 130  28  14  22  42 100 142 148  78  75  90
 124  72 162  88 155 1601000  44  80 147 130 156 168  94 154  22 178 110 100 184  80 137 198 110 100 178 160  40 102  22 134
 131  81 100 132  50  53  41 132  70 158  90 114 133 144 140 114  90 138 140
  60 120 130  64  44  64  78  81  22  41  56  58  64 120 100 120 120  75  41 142 116  20  50  50  14  56 102 106  36  31  86
  80  40 122  44 123 116  441000  36 103 113 112 124  50 110  22 138  91  67 144  50 110 154  94  63 134 116  20  70  36  92
  90  63  94  88  10  36  36 110  42 120  53  75 101 106 125  70  80 103 130
  36 100  94  75  70 100  42  50  14  72  72  80  31 101  75  84  86  64  75 108 114  53  84  81  41  22  72  72  14  10  94
  44  36  89  10 100  82  80  361000  70 108  80  88  22  80  58 107  86  58 111  42  91 120  92  50  98  80  50  53  70  58
  63  64 100  53  31  50  60  97  50  91  44  50  80  80 122  36  86  80 128
  50 120  41 140 140 164  44  22  82 130 140 150  62 126  40  22  63  67 144  80 160 122 153 151 110  60  78  58  80  72 154
  31 100  75  60 114  14 147 103  701000 152  10  31  53  14 125  94 133  72  92 101 120  80 141  64  60  30 111  97 133  56
  31 122 156  22 101 120 130 136  92  94  70  80 106  92 166  53 143  98 174
 142  50 144  60  90 150 108 142 111 150  70  82  92  41 176 151 110 172 120 120  10 110 120 110 100  98  81 103  94 116  44
 122  75 100 114  60 155 130 113 108 1521000 160 148 128 166 120 100  22 166 110  66  40 140  20 158 130 139 132  56 140  98
 162  50  36 130 103  80  90  20 150  80 152  72  50  70  14 100  41  60  22
  58 126  40 150 150 173  53  31  91 138 150 160  72 134  41  20  67  72 153  81 169 131 162 161 120  70  84  64  90  81 163
  41 110  80  70 120  10 156 112  80  10 1601000  30  62  10 134  98 142  78  94 111 128  80 150  70  60  31 120 106 142  64
  36 132 166  31 111 130 140 144 100 100  78  89 114  98 174  62 153 106 183
  78 108  10 150 154 188  50  50 102 156 150 160  70 116  70  10  42  98 163  53 157 141 172 170 129  72  66  44  94  94 160
  44 110  56  80 100  20 168 124  88  31 148  301000  78  40 146  72 132 102  66 110 110  50 142  94  31  10 136 100 158  50
  62 130 160  36 119 132 144 128 120  78 100  80  97  80 159  60 150  88 170
  14 113  84  97  90 111  41  31  30  78  94 101  41 116  53  72  85  44  91 107 134  70 100 100  60  31  80  72  36  20 116
  36  58  91  14 111  67  94  50  22  53 128  62  781000  60  72 110 106  41 113  64 106 116 112  31  94  70  58  72  80  60
  41  86 122  42  50  72  80 116  44 100  30  62  93  90 142  40 108  91 148
  53 134  50 152 150 170  58  30  90 133 150 160  75 140  31  30  76  64 151  91 174 130 160 160 120  72  92  72  90  80 166
  44 111  89  70 128  20 154 110  80  14 166  10  40  601000 132 107 146  70 104 113 134  90 155  64  70  41 116 110 138  70
  28 135 169  36 110 130 140 150  94 108  72  94 120 106 180  66 156 112 188
  80 135 152  62  36  42 100 103  44  31  53  50  84 133 120 142 140  92  20 162 120  10  30  31  22  78 122 126  56  53  84
 102  53 142  66 138 138  22  22  58 125 120 134 146  72 1321000 158 100  82 164  63 123 176 100  80 156 138  22  84  20 112
 110  70  94 110  28  40  31 120  53 138  70  94 115 124 130  92  81 120 133
 120  50  64 130 148 200  70 100 120 177 136 150  76  60 132  80  31 150 170  22 110 150 176 168 136  85  36  40 102 116 129
  80 106  20 103  40  89 178 138 107  94 100  98  72 110 107 1581000  94 150  10  98  60  41 103 140  42  67 155  78 174  50
 120 108 125  80 130 126 140  80 153  22 140  64  53  36 110  72 120  44 120
 120  50 131  44  72 132  89 122  88 130  53  66  72  42 156 135 100 150 101 110  28  90 103  94  80  78  70  90  72  94  36
 102  53  90  92  58 138 110  91  86 133  22 142 132 106 146 100  941000 144 103  44  36 130  10 136 120 123 111  36 120  82
 142  30  31 111  81  60  70  22 128  72 130  53  41  60  36  80  28  50  42
  30 153 111 128 111 110  80  53  56  70 122 124  82 156  44  94 120  10 101 142 172  85 110 113  80  72 120 110  72  50 148
  70  92 130  53 152  86 100  67  58  72 166  78 102  41  70  82 150 1441000 150 100 147 147 150  10 125  97  60 111  80 100
  42 120 154  72  72 100 102 155  30 140  14 103 134 130 180  80 140 132 186
 121  60  58 138 156 206  72 100 124 182 144 158  80  70 130  75  30 150 176  14 120 156 182 176 142  89  42  41 108 119 138
  80 112  22 106  50  85 184 144 111  92 110  94  66 113 104 164  10 103 1501000 106  70  31 112 140  36  63 160  86 180  53
 120 116 134  80 136 134 148  90 156  31 142  70  62  44 120  75 129  53 130
  78  72 110  40  50 102  60  85  44  90  41  53  40  70 116 110  89 106  72 108  72  53  78  70  41  41  64  76  28  50  53
  70  10  86  50  75 110  80  50  42 101  66 111 110  64 113  63  98  44 100 1061000  60 124  50  92 107 100  70  22  82  63
 102  22  58  80  40  28  42  60  85  78  86  36  53  64  80  50  44  58  86
 119  14 107  78 102 159  78 114 100 150  86 100  66  10 150 116  72 150 128  80  50 113 133 124 101  75  44  66  80 101  72
  92  70  60  94  22 122 137 110  91 120  40 128 110 106 134 123  60  36 147  70  601000 100  44 138  91 102 130  40 142  64
 136  58  66  98 100  84  97  20 140  40 135  44  14  31  50  72  64  22  60
 120  90  40 160 174 218  78  94 134 192 164 177  92 100 120  60  36 144 192  20 150 170 200 194 156  98  63  50 120 128 164
  80 130  41 114  80  70 198 154 120  80 140  80  50 116  90 176  41 130 147  31 124 1001000 140 138  22  50 170 107 190  64
 110 138 162  75 148 152 166 120 160  60 141  88  90  70 150  84 155  80 160
 126  58 141  41  70 130  97 130  94 130  50  63  80  50 164 144 110 156 100 120  22  90 100  91  81  86  80 100  78 100  28
 111  58 100  98  66 147 110  94  92 141  20 150 142 112 155 100 103  10 150 112  50  44 1401000 142 130 133 113  44 120  92
 150  31  22 119  84  60  70  28 133  81 136  63  50  70  31  88  22  60  36
  20 144 102 122 107 110  70  44  50  72 116 120  72 147  41  86 110  14 100 132 164  82 110 111  76  62 110 100  64  42 142
  60  84 120  44 142  78 100  63  50  64 158  70  94  31  64  80 140 136  10 140  92 138 138 1421000 116  88  60 102  80  90
  36 112 148  63  67  94  98 146  31 130  10  93 124 120 172  70 134 122 178
  97  84  22 144 155 198  56  72 112 170 148 160  72  94 100  41  20 122 172  22 140 150 180 174 136  78  50  31 100 106 151
  58 111  31  92  75  50 178 134  98  60 130  60  31  94  70 156  42 120 125  36 107  91  22 130 1161000  30 148  91 168  44
  90 122 150  53 128 132 146 110 138  53 119  72  80  60 141  64 141  70 152
  72 100  14 140 144 180  41  44  94 148 140 150  60 108  70  14  36  94 155  50 148 133 164 161 120  63  58  36  85  86 150
  36 100  50  72  92  22 160 116  80  30 139  31  10  70  41 138  67 123  97  63 100 102  50 133  88  301000 128  90 150  41
  60 120 150  28 111 122 134 120 114  70  94  70  89  72 151  50 140  80 161
  63 140 142  80  56  53  92  89  36  22  72  70  80 140 100 130 136  70  41 158 135  28  50  53  31  72 120 122  53  42 102
  92  60 138  56 142 125  40  20  50 111 132 120 136  58 116  22 155 111  60 160  70 130 170 113  60 148 1281000  90  22 108
  91  81 111 100  30  53  50 130  31 138  50  94 121 125 143  86  97 122 148
  86  50 100  53  70 124  53  86  60 110  58  72  36  50 120 100  72 116  94  88  64  75 100  92  62  42  44  60  41  63  60
  66  31  66  58  53 103 102  70  53  97  56 106 100  72 110  84  78  36 111  86  22  40 107  44 102  91  90  901000 103  50
 106  31  60  75  60  50  64  44 100  56  97  20  31  42  70  44  50  36  78
  85 153 164  81  53  31 112 111  56  14  72  67 100 152 120 152 156  90  28 178 140  30  36  42  41  92 138 142  72  64 103
 114  72 158  78 156 147  22  36  70 133 140 142 158  80 138  20 174 120  80 180  82 142 190 120  80 168 150  22 1031000 128
 113  90 113 122  44  60  50 140  50 155  70 110 135 141 150 106 100 138 152
  70  64  50 101 110 154  20  53  72 130 104 116  28  70  89  53  28 100 128  50 107 106 136 130  92  36  22  14  56  66 110
  31  66  31  53  58  58 134  92  58  56  98  64  50  60  70 112  50  82 100  53  63  64  64  92  90  44  41 108  50 1281000
  75  80 110  36  84  88 102  80 103  41  90  30  50  36 111  22 100  42 120
  30 138  72 138 130 144  58  22  70 107 135 142  70 144  14  53  90  36 130 110 170 110 140 140 100  64  97  82  75  60 155
  44  97 101  53 133  44 131  90  63  31 162  36  62  41  28 110 120 142  42 120 102 136 110 150  36  90  60  91 106 113  75
1000 124 160  41  90 113 120 148  66 116  44  92 122 110 176  64 146 116 184
 100  72 130  22  44 103  80 107  64 100  28  42  60  67 138 130 103 126  72 119  53  60  75  66  50  63  75  91  50  70  31
  91  28  97  72  78 130  81  63  64 122  50 132 130  86 135  70 108  30 120 116  22  58 138  31 112 122 120  81  31  90  80
 1241000  36 101  53  30  41  50 102  86 106  50  56  72  62  70  22  64  67
 136  80 160  31  60 120 113 141  98 125  41  50  94  72 174 161 130 162  90 142  31  84  90  80  80  97 100 120  86 106  10
 125  64 121 108  88 163 100  94 100 156  36 166 160 122 169  94 125  31 154 134  58  66 162  22 148 150 150 111  60 113 110
 160  361000 135  86  58  62  50 136 103 140  80  72  91  41 104  14  81  40
  44 100  42 120 120 152  22  20  66 120 120 130  41 106  53  31  50  70 128  70 138 106 137 135  94  40  58  41  60  58 132
  10  80  60  44  94  30 132  88  53  22 130  31  36  42  36 110  80 111  72  80  80  98  75 119  63  53  28 100  75 122  36
  41 101 1351000  84 100 110 114  86  76  66  58  84  72 144  31 122  78 152
  60 110 124  56  41  70  72  80  20  50  50  53  56 110 101 115 112  80  44 134 106  22  53  50  10  50  94  98  28  30  78
  75  30 114  41 113 113  50  10  31 101 103 111 119  50 110  28 130  81  72 136  40 100 148  84  67 128 111  30  60  44  84
  90  53  86  841000  28  31 100  50 111  58  66  91  97 115  64  72  94 120
  84  98 135  28  22  75  82 100  44  70  22  30  63  94 125 130 116 108  44 136  82  30  50  42  22  60  92 102  40  53  50
  90  22 114  60 102 130  53  36  50 120  80 130 132  72 130  40 126  60 100 134  28  84 152  60  94 132 122  53  50  60  88
 113  30  58 100  281000  14  80  78 106  86  64  80  92  91  72  44  86  94
  91 111 147  31  10  62  94 110  50  62  22  22  75 107 132 141 130 111  31 150  90  22  36  28  22  72 106 116  50  60  53
 100  36 128  70 116 140  41  36  60 130  90 140 144  80 140  31 140  70 102 148  42  97 166  70  98 146 134  50  64  50 102
 120  41  62 110  31  141000  91  78 120  89  78  94 106 100  84  50 100 101
 130  31 125  66  94 153  92 126 104 150  75  88  78  22 162 133  91 160 122 100  30 110 125 116 100  86  62  84  85 107  56
 106  70  80 102  41 138 132 110  97 136  20 144 128 116 150 120  80  22 155  90  60  20 120  28 146 110 120 130  44 140  80
 148  50  50 114 100  80  911000 144  60 141  56  31  50  31  84  50  41  41
  42 150 128 106  86  80  85  70  41  41  98 100  80 150  72 112 129  40  72 151 155  58  81  84  56  70 120 116  60  40 128
  80  75 134  50 150 106  70  42  50  92 150 100 120  44  94  53 153 128  30 156  85 140 160 133  31 138 114  31 100  50 103
  66 102 136  86  50  78  78 1441000 140  22 100 130 130 164  81 122 130 170
 110  31  72 108 126 180  60  94 104 160 114 128  60  41 129  84  36 140 150  40  90 130 156 148 116  70  20  36  85 101 107
  72  86  22  90  22  92 158 120  91  94  80 100  78 100 108 138  22  72 140  31  78  40  60  81 130  53  70 138  56 155  41
 116  86 103  76 111 106 120  60 1401000 130  44  31  14  90  60  98  22 100
  22 141 108 114  97 100  70  50  42  63 108 111  70 144  50  92 113  22  90 135 158  72 100 101  67  60 110 101  58  36 134
  63  78 120  41 140  84  90  53  44  70 152  78 100  30  72  70 140 130  14 142  86 135 141 136  10 119  94  50  97  70  90
  44 106 140  66  58  86  89 141  22 1301000  91 122 120 166  70 126 120 172
  75  50  80  72  86 136  36  70  60 116  76  89  22  53 106  81  53 106 106  72  80  86 112 106  72  31  28  41  41  60  80
  50  42  50  50  50  84 114  75  50  80  72  89  80  62  94  94  64  53 103  70  36  44  88  63  93  72  70  94  20 110  30
  92  50  80  58  66  64  78  56 100  44  911000  31  31  86  28  70  30  94
 106  20  94  78 100 155  64 100  90 141  84  98  53  22 136 102  60 137 124  70  60 106 130 122  93  62  31  53  70  90  76
  78  62  50  81  22 108 133 101  80 106  50 114  97  93 120 115  53  41 134  62  53  14  90  50 124  80  89 121  31 135  50
 122  56  72  84  91  80  94  31 130  31 122  311000  20  62  58  67  10  72
 100  28  75  94 112 166  53  88  91 147 100 114  50  36 124  86  41 131 136  50  80 116 142 134 102  60  14  36  72  90  94
  66  72  30  80  22  92 144 106  80  92  70  98  80  90 106 124  36  60 130  44  64  31  70  70 120  60  72 125  42 141  36
 110  72  91  72  97  92 106  50 130  14 120  31  201000  81  50  85  10  92
 156  60 156  70 100 160 122 156 124 161  80  90 106  50 190 164 122 186 130 130  10 120 130 120 112 112  93 115 108 130  50
 136  89 110 128  70 169 140 125 122 166  14 174 159 142 180 130 110  36 180 120  80  50 150  31 172 141 151 143  70 150 111
 176  62  41 144 115  91 100  31 164  90 166  86  62  811000 114  50  72  10
  50  75  63  90  94 134  10  42  50 108  90 100  10  80  78  60  50  81 108  72 108  86 116 111  72  14  40  36  36  44 101
  22  50  53  31  72  60 114  70  36  53 100  62  60  40  66  92  72  80  80  75  50  72  84  88  70  64  50  86  44 106  22
  64  70 104  31  64  72  84  84  81  60  70  28  58  50 1141000  91  53 122
 122  78 150  20  50 110 101 128  84 112  30  41  81  70 160 150 121 148  80 135  40  72  80  70  66  84  92 110  72  92  10
 112  50 114  94  86 151  90  80  86 143  41 153 150 108 156  81 120  28 140 129  44  64 155  22 134 141 140  97  50 100 100
 146  22  14 122  72  44  50  50 122  98 126  70  67  85  50  911000  76  50
 103  22  85  86 106 160  58  94  90 144  92 106  50  28 130  94  50 134 130  60  70 111 136 128  98  60  22  44  70  90  85
  72  67  40  80  20 100 138 103  80  98  60 106  88  91 112 120  44  50 132  53  58  22  80  60 122  70  80 122  36 138  42
 116  64  81  78  94  86 100  41 130  22 120  30  10  10  72  53  761000  82
 162  70 167  70 100 160 130 164 130 164  80  90 114  60 198 174 133 192 130 140  14 123 130 120 117 120 104 126 114 136  50
 144  94 121 134  80 178 140 130 128 174  22 183 170 148 188 133 120  42 186 130  86  60 160  36 178 152 161 148  78 152 120
 184  67  40 152 120  94 101  41 170 100 172  94  72  92  10 122  50  821000
