  80   5
1000  81  60  72 126 138  44  44  20  72  84 102  90  44 128  82  50  28 103  40  50  67  92  80  40  50 111 120 138  53  70
 120 100 125  63 110  31  58 119 116  20  66  60 138  42  80  72 150 123  66 152  85  14  31  76  30 133 107  75  94  78  63
  85 120  31  60 100 100  89 130 134  90  40 135  70 122  31  84  50  72 143
  811000 140 144 110 151  84 120  88  41 160  70  31  40 120 116  64  72  53  44 132 136 166  97 100  42 176 155 198  30  22
 100  28 144 128 158  50  31 132 120  63  94 140 140 119 128 134 140 147 140 150 148  70  70 142  94 196 168  50  14 155  44
  50 160 110 141  36 150 156 169 120 136 120 153  14 178  90  10  41 150 205
  60 1401000  72 180 178  94  22  66 132  70 160 150 100 178 120 107  85 163 100  22  75  80 128  78 110 110 147 140 110 130
 174 160 164  80 128  90 110 162 162  80 114  10 183  50 108  89 198 158  20 197  94  70  72  85  72 130 111 135 150  60 123
 145 141  30  20 160 119  92 150 186 116  22 172 130 132  53 140 100  50 140
  72 144  721000 133 114  63  80  56 116  20 130 138 112 126  63  85  72 142 100  50  10  22  80  44 102  41  78  70 120 124
 130 151 100  20  58  98 126 102 107  84  70  63 124  31  44  22 142  92  91 138  22  86 102  14  50  63  40 113 158  22 107
 122  72  70  53 147  50  20  80 135  50  60 106 130  60  94 150 120  28  72
 126 110 180 1331000  56  86 170 114  72 151  40  80 120  14  70  78  98  60 102 160 123 150  53 102  89 140  84 144 116  91
  10  90  58 113 101 116 125  44  31 114  67 174  36 133  90 111  30  66 192  41 120 128 144 120 108 151 130  63 120 154  76
  60  94 156 169  80 100 130  97  10  90 158  64 100 123 156 120 129 157 155
 138 151 178 114  561000  94 174 120 111 130  89 125 150  42  58 100 113 111 130 156 106 124  60 102 120 103  41 100 150 131
  64 138  14  98  63 140 160  20  31 132  72 170  22 128  70  92  41  22 194  30  94 144 163 100 111 110  94 101 163 136 110
 103  50 160 162 129  66 102  50  50  64 158  10 140  80 169 161 160 142 110
  44  84  94  63  86  941000  84  28  53  82  70  75  63  84  40  22  20  80  44  75  53  84  36  20  42  92  80 114  66  64
  80  88  81  44  75  50  75  75  72  40  22  88  94  50  44  50 106  80 106 108  64  50  70  58  22 112  84  50  98  80  44
  60  82  70  85  84  66  72  92  92  53  72  91  70  94  75  92  72  80 120
  44 120  22  80 170 174  841000  56 116  81 146 132  80 168 116  94  72 147  81  31  80  91 120  72  94 120 148 150  90 110
 164 140 160  81 132  70  90 158 156  63 106  28 178  50 107  91 190 156  22 192 100  50  50  90  64 141 120 119 130  72 107
 129 144  14  36 141 122 100 153 176 117  20 169 110 140  31 120  80  62 151
  20  88  66  56 114 120  28  561000  70  72  94  90  56 112  63  41  20 100  44  50  50  78  64  20  50  94 100 119  64  72
 108 100 107  44  90  42  70 102 100  28  50  63 122  31  60  53 134 104  78 136  66  31  50  58  10 116  88  70 102  67  60
  80 100  42  60 100  80  72 110 120  70  44 116  75 103  50  94  64  62 125
  72  41 132 116  72 111  53 116  701000 134  36  22  50  80  78  31  50  31  36 120 106 137  58  72  22 144 116 162  44  20
  63  36 104  97 120  50  53  92  80  53  56 130 100 100  92 102 101 107 138 110 116  66  78 111  70 164 136  10  53 131  10
  14 122 103 130  31 112 124 130  82  98 110 113  30 140  94  50  58 130 170
  84 160  70  20 151 130  82  81  72 1341000 150 157 128 145  81 103  89 162 116  50  30  10 100  63 120  41  92  70 136 142
 150 170 116  40  70 114 142 120 125 100  90  60 142  42  62  41 161 108  90 155  36  98 114  31  67  60  44 132 174  10 125
 142  84  75  50 166  64  28  92 153  67  63 122 147  66 102 166 134  20  70
 102  70 160 130  40  89  70 146  94  36 1501000  40  86  50  75  53  75  22  70 144 120 150  53  90  56 147 106 160  80  53
  30  50  86 110 116  84  89  72  58  86  60 157  72 120  94 110  70  92 169  80 123 100 112 120  91 164 138  28  80 150  42
  22 114 133 154  41 111 132 120  50  97 138  94  63 138 128  80  94 150 170
  90  31 150 138  80 125  75 132  90  22 157  401000  58  90  98  53  70  22  50 140 128 159  78  94  40 166 136 184  50  22
  70  14 120 119 140  63  56 107  94  70  78 150 111 120 114 124 110 124 153 120 138  81  89 133  91 186 158  28  40 153  31
  22 142 120 150  10 134 146 150  90 120 130 129  28 162 106  41  64 151 192
  44  40 100 112 120 150  63  80  56  50 128  86  581000 125 101  50  44  78  20  94 106 134  90  72  31 150 142 174  10  36
 111  62 140 100 138  14  14 130 120  28  80 101 142  86 107 108 147 140 100 154 122  31  31 114  64 172 144  58  50 122  44
  64 145  70 103  67 129 128 154 129 116  81 150  31 155  50  41  10 116 180
 128 120 178 126  14  42  84 168 112  80 145  50  90 1251000  63  80 100  72 107 158 116 142  50 100  94 130  72 131 123 100
  22 100  44 107  90 120 132  31  20 116  64 172  22 130  82 104  22  53 190  30 111 130 147 113 106 140 120  70 130 147  82
  70  81 154 166  91  90 121  84  10  80 156  50 110 111 158 130 135 151 143
  82 116 120  63  70  58  40 116  63  78  81  75  98 101  631000  53  60  94  82  98  53  80  22  44  75  72  41  86 103  94
  70 112  44  44  42  90 113  42  44  80  22 112  64  70  20  41  80  41 136  78  50  90 110  50  53  89  63  70 130  84  72
  78  44 102 106 106  36  60  53  72  22 100  53 102  64 113 124 111  88  94
  50  64 107  85  78 100  22  94  41  31 103  53  53  50  80  531000  22  60  30  91  75 106  40  41  22 114  94 134  50  42
  70  66  90  66  94  41  60  80  72  36  31 104  94  70  64  72 102  90 116 107  86  50  67  80  40 134 106  30  78 100  22
  40  97  80 101  62  86  94 106  86  72  85 100  50 114  78  72  60 100 141
  28  72  85  72  98 113  20  72  20  50  89  75  70  44 100  60  221000  80  28  70  64  94  53  28  31 106 100 130  50  53
  92  81 100  56  94  31  58  94  89  20  41  82 111  50  63  64 122 100  94 124  78  31  50  70  22 128 100  50  86  85  40
  60 101  58  80  80  85  84 111 106  72  63 110  58 111  58  78  53  81 136
 103  53 163 142  60 111  80 147 100  31 162  22  22  78  72  94  60  801000  67 150 133 164  72 100  53 164 126 180  70  42
  50  30 108 123 136  80  78  94  80  84  75 161  94 130 111 125  90 114 169 100 138  97 108 135 100 182 155  30  60 160  41
  20 134 134 160  20 130 147 140  70 116 141 116  50 158 124  63  84 160 188
  40  44 100 100 102 130  44  81  44  36 116  70  50  20 107  82  30  28  671000  90  92 122  70  56  14 134 123 158  22  30
  94  60 120  84 119  14  31 110 100  20  60 100 122  75  88  92 129 120 103 135 106  31  42  98  50 156 128  42  58 111  28
  50 126  70 100  60 110 112 135 111  97  80 130  31 138  58  50  30 106 164
  50 132  22  50 160 156  75  31  50 120  50 144 140  94 158  98  91  70 150  901000  53  60 108  58 100  90 125 120 103 120
 155 150 142  58 106  81 107 140 142  70  94  14 162  28  86  67 178 136  41 176  72  63  72  63  53 110  90 120 144  41 110
 130 119  28  10 150  97  70 128 166  94  14 150 120 110  56 134  98  31 120
  67 136  75  10 123 106  53  80  50 106  30 120 128 106 116  53  75  64 133  92  531000  31  70  36  94  44  72  72 112 116
 120 141  92  10  53  92 120  94  97  78  60  67 116  30  36  14 133  84  94 130  20  80  98  10  42  66  41 103 150  31  97
 113  66  70  58 138  44  22  75 125  42  60  98 122  60  91 142 114  36  76
  92 166  80  22 150 124  84  91  78 137  10 150 159 134 142  80 106  94 164 122  60  311000 100  66 124  31  86  60 142 146
 150 172 111  41  64 120 148 115 122 106  90  70 138  50  60  40 156 102 100 151  31 106 122  30  72  50  36 134 180  20 128
 144  78  85  60 169  58  22  84 152  62  72 116 152  58 111 172 141  30  60
  80  97 128  80  53  60  36 120  64  58 100  53  78  90  50  22  40  53  72  70 108  70 1001000  50  60  94  58 108  90  75
  50  92  50  60  64  80 100  41  36  72  14 122  58  80  41  60  70  50 140  72  70  84 103  70  56 111  85  50 111 101  53
  56  64 106 116  84  58  80  72  58  44 106  60  84  86 111 106 100 104 116
  40 100  78  44 102 102  20  72  20  72  63  90  94  72 100  44  41  28 100  56  58  36  66  501000  58  78  80 102  78  80
  98 107  88  28  70  58  86  86  84  44  36  72 106  31  40  36 120  85  92 120  50  50  70  42  10 100  72  70 114  60  63
  80  80  58  67 103  60  56  90 108  50  56  97  86  85  70 106  80  60 108
  50  42 110 102  89 120  42  94  50  22 120  56  40  31  94  75  22  31  53  14 100  94 124  60  581000 134 116 156  30  22
  80  50 110  86 116  28  40 100  90  31  53 110 111  81  86  92 116 110 116 123 106  44  56 100  53 154 126  28  56 116  14
  36 119  81 110  50 108 114 128  98  94  90 120  28 136  72  50  41 112 162
 111 176 110  41 140 103  92 120  94 144  41 147 166 150 130  72 114 106 164 134  90  44  31  94  78 1341000  63  30 156 156
 140 180  91  50  41 136 164 100 110 122  89 100 121  72  53  42 141  82 130 132  28 124 142  36  86  22  10 138 190  50 136
 147  53 111  90 174  40  22  58 140  50 100  94 162  28 135 183 158  60  31
 120 155 147  78  84  41  80 148 100 116  92 106 136 142  72  41  94 100 126 123 125  72  86  58  80 116  631000  60 144 133
  89 150  30  67  22 130 154  41  53 120  63 138  60  98  41  58  80  20 164  70  56 130 150  64  90  70  53 108 169  98 111
 114  10 134 130 142  28  64  14  82  31 129  31 142  40 150 164 152 106  70
 138 198 140  70 144 100 114 150 119 162  70 160 184 174 131  86 134 130 180 158 120  72  60 108 102 156  30  601000 180 176
 148 198  90  75  44 160 188 100 113 146 106 130 120 100  70  67 140  80 160 130  53 150 169  62 111  14  31 156 212  80 154
 164  50 140 120 192  50  50  50 141  64 130  90 184  22 163 206 182  90  10
  53  30 110 120 116 150  66  90  64  44 136  80  50  10 123 103  50  50  70  22 103 112 142  90  78  30 156 144 1801000  28
 106  53 140 106 141  22  10 130 120  36  81 111 140  94 110 114 145 140 110 152 128  41  41 120  70 178 150  53  41 130  41
  58 147  80 113  58 132 134 156 125 119  91 150  22 160  60  31  14 124 186
  70  22 130 124  91 131  64 110  72  20 142  53  22  36 100  94  42  53  42  30 120 116 146  75  80  22 156 133 176  281000
  81  30 123 108 136  41  36 111 100  50  72 130 120 103 106 114 121 125 131 130 128  60  67 122  75 176 148  30  36 138  22
  31 138 100 130  31 128 136 147 101 114 110 132  10 156  84  31  42 134 183
 120 100 174 130  10  64  80 164 108  63 150  30  70 111  22  70  70  92  50  94 155 120 150  50  98  80 140  89 148 106  81
1000  80  64 110 104 108 116  50  36 106  63 168  44 129  90 110  40  72 186  50 120 120 136 120 102 154 131  53 110 151  67
  50  98 150 165  70 101 130 102  20  90 152  70  91 126 148 110 120 154 158
 100  28 160 151  90 138  88 140 100  36 170  50  14  62 100 112  66  81  30  60 150 141 172  92 107  50 180 150 198  53  30
  801000 133 133 154  70  58 120 107  80  92 160 122 131 128 138 120 138 160 130 152  90  94 146 103 200 172  42  31 166  44
  36 156 130 160  10 148 160 164 100 134 140 142  31 176 112  36  67 162 206
 125 144 164 100  58  14  81 160 107 104 116  86 120 140  44  44  90 100 108 120 142  92 111  50  88 110  91  30  90 140 123
  64 1331000  84  50 130 150  14  28 120  60 156  30 114  56  78  50  10 180  41  80 132 151  86  97 100  81  94 157 122 101
  98  40 146 148 125  53  89  41  53  50 144  10 132  70 157 154 150 128 100
  63 128  80  20 113  98  44  81  44  97  40 110 119 100 107  44  66  56 123  84  58  10  41  60  28  86  50  67  75 106 108
 110 133  841000  50  86 114  86  88  72  50  72 108  31  28  10 124  78  97 122  22  75  94  14  36  72  44  94 142  41  88
 103  63  70  64 129  41  28  72 116  36  62  92 114  60  90 134 108  44  80
 110 158 128  58 101  63  75 132  90 120  70 116 140 138  90  42  94  94 136 119 106  53  64  64  70 116  41  22  44 141 136
 104 154  50  501000 125 150  60  70 113  64 120  80  81  31  41 100  41 147  91  36 120 140  44  80  50  31 112 172  78 114
 120  14 120 111 148  10  42  22 100  22 112  53 144  22 140 166 147  86  53
  31  50  90  98 116 140  50  70  42  50 114  84  63  14 120  90  41  31  80  14  81  92 120  80  58  28 136 130 160  22  41
 108  70 130  86 1251000  28 121 113  14  70  90 135  72  94  94 142 130  91 148 108  20  28 100  50 158 130  56  63 108  42
  64 132  60  91  72 116 114 142 125 103  70 140  40 142  44  53  22 102 166
  58  31 110 126 125 160  75  90  70  53 142  89  56  14 132 113  60  58  78  31 107 120 148 100  86  40 164 154 188  10  36
 116  58 150 114 150  281000 140 130  42  91 113 150 100 119 122 154 150 110 161 136  44  40 128  78 186 158  63  40 136  50
  67 157  82 116  64 141 142 166 135 128  94 160  28 169  60  30  10 130 194
 119 132 162 102  44  20  75 158 102  92 120  72 107 130  31  42  80  94  94 110 140  94 115  41  86 100 100  41 100 130 111
  50 120  14  86  60 121 1401000  14 113  53 154  22 112  58  80  41  22 178  36  84 125 144  89  94 110  90  82 145 124  90
  85  50 144 148 111  60  94  53  41  53 142  22 120  80 150 142 140 130 111
 116 120 162 107  31  31  72 156 100  80 125  58  94 120  20  44  72  89  80 100 142  97 122  36  84  90 110  53 113 120 100
  36 107  28  88  70 113 130  141000 107  50 156  22 114  63  85  36  36 176  36  91 119 138  94  92 120 100  70 132 129  80
  72  63 142 150  98  70 101  67  30  60 140  36 110  92 146 130 130 133 123
  20  63  80  84 114 132  40  63  28  53 100  86  70  28 116  80  36  20  84  20  70  78 106  72  44  31 122 120 146  36  50
 106  80 120  72 113  14  42 113 1071000  60  80 129  58  82  80 138 120  85 143  94  14  31  86  36 144 116  58  75  94  44
  66 121  50  80  80 104 100 131 122  92  60 130  50 129  42  66  36  89 152
  66  94 114  70  67  72  22 106  50  56  90  60  78  80  64  22  31  41  75  60  94  60  90  14  36  53  89  63 106  81  72
  63  92  60  50  64  70  91  53  50  601000 108  72  66  36  50  84  60 126  86  63  72  91  60  42 108  80  50 108  90  50
  58  66  92 102  86  56  72  75  72  42  92  70  80  84  97 102  90  92 114
  60 140  10  63 174 170  88  28  63 130  60 157 150 101 172 112 104  82 161 100  14  67  70 122  72 110 100 138 130 111 130
 168 160 156  72 120  90 113 154 156  80 1081000 176  42 100  80 192 150  30 190  85  70  75  76  66 120 101 132 151  50 121
 142 133  31  10 160 111  82 142 180 108  20 164 130 123  58 142 103  40 130
 138 140 183 124  36  22  94 178 122 100 142  72 111 142  22  64  94 111  94 122 162 116 138  58 106 111 121  60 120 140 120
  44 122  30 108  80 135 150  22  22 129  72 1761000 134  80 102  20  40 198  14 106 141 160 111 114 130 111  90 150 146 100
  90  70 164 170 113  82 116  70  28  75 162  31 130 100 168 150 152 152 130
  42 119  50  31 133 128  50  50  31 100  42 120 120  86 130  70  70  50 130  75  28  30  50  80  31  81  72  98 100  94 103
 129 131 114  31  81  72 100 112 114  58  66  42 1341000  58  41 150 108  66 148  50  56  72  40  30  94  70 100 133  36  90
 110  94  40  36 130  72  50 103 138  67  31 122 106  90  63 124  92  31 104
  80 128 108  44  90  70  44 107  60  92  62  94 114 107  82  20  64  63 111  88  86  36  60  41  40  86  53  41  70 110 106
  90 128  56  28  31  94 119  58  63  82  36 100  80  581000  22  98  50 124  94  30  90 110  31  50  72  44  86 142  66  84
  94  40  94  92 122  22  40  50  92  10  89  64 114  50 110 136 116  72  78
  72 134  89  22 111  92  50  91  53 102  41 110 124 108 104  41  72  64 125  92  67  14  40  60  36  92  42  58  67 114 114
 110 138  78  10  41  94 122  80  85  80  50  80 102  41  221000 120  70 107 116  14  84 103  10  44  64  36  98 148  44  94
 107  53  80  72 133  31  22  62 113  28  72  84 120  50 100 141 116  50  72
 150 140 198 142  30  41 106 190 134 101 161  70 110 147  22  80 102 122  90 129 178 133 156  70 120 116 141  80 140 145 121
  40 120  50 124 100 142 154  41  36 138  84 192  20 150  98 1201000  60 210  14 125 152 169 129 126 150 131  92 150 164 104
  90  90 176 186 110 101 135  90  20  94 176  50 130 120 180 150 157 169 150
 123 147 158  92  66  22  80 156 104 107 108  92 124 140  53  41  90 100 114 120 136  84 102  50  85 110  82  20  80 140 125
  72 138  10  78  41 130 150  22  36 120  60 150  40 108  50  70  601000 174  50  72 130 150  78  94  90  72  97 160 114 103
 102  30 142 142 130  44  80  31  63  42 138  14 134  60 154 156 150 120  90
  66 140  20  91 192 194 106  22  78 138  90 169 153 100 190 136 116  94 169 103  41  94 100 140  92 116 130 164 160 110 131
 186 160 180  97 147  91 110 178 176  85 126  30 198  66 124 107 210 1741000 212 113  72  70 104  84 150 131 141 150  80 129
 151 160  36  40 163 138 111 169 198 133  36 188 130 151  50 140 100  70 160
 152 150 197 138  41  30 108 192 136 110 155  80 120 154  30  78 107 124 100 135 176 130 151  72 120 123 132  70 130 152 130
  50 130  41 122  91 148 161  36  36 143  86 190  14 148  94 116  14  50 2121000 120 155 174 124 128 140 122 100 160 160 111
 100  80 178 184 120  94 129  80  31  89 176  40 140 110 182 160 164 166 140
  85 148  94  22 120  94  64 100  66 116  36 123 138 122 111  50  86  78 138 106  72  20  31  70  50 106  28  56  53 128 128
 120 152  80  22  36 108 136  84  91  94  63  85 106  50  30  14 125  72 113 1201000  97 116  10  58  50  22 111 162  42 108
 120  50  90  75 147  28  10  58 121  31  80  86 134  40 111 155 130  50  58
  14  70  70  86 128 144  50  50  31  66  98 100  81  31 130  90  50  31  97  31  63  80 106  84  50  44 124 130 150  41  60
 120  90 132  75 120  20  44 125 119  14  72  70 141  56  90  84 152 130  72 155  971000  20  89  41 146 120  72  81  92  58
  80 130  40  72  91 110 102 140 136 100  50 141  60 135  28  72  36  86 156
  31  70  72 102 144 163  70  50  50  78 114 112  89  31 147 110  67  50 108  42  72  98 122 103  70  56 142 150 169  41  67
 136  94 151  94 140  28  40 144 138  31  91  75 160  72 110 103 169 150  70 174 116  201000 107  60 164 138  84  80 106  70
  92 150  44  80  98 130 120 160 152 120  58 160  62 154  20  70  30  98 174
  76 142  85  14 120 100  58  90  58 111  31 120 133 114 113  50  80  70 135  98  63  10  30  70  42 100  36  64  62 120 122
 120 146  86  14  44 100 128  89  94  86  60  76 111  40  31  10 129  78 104 124  10  89 1071000  50  58  31 107 156  36 102
 116  58  80  67 142  36  14  66 122  36  70  92 128  50 101 148 122  42  67
  30  94  72  50 108 111  22  64  10  70  67  91  91  64 106  53  40  22 100  50  53  42  72  56  10  53  86  90 111  70  75
 102 103  97  36  80  50  78  94  92  36  42  66 114  30  50  44 126  94  84 128  58  41  60  501000 108  80  70 108  63  60
  80  90  50  63 101  70  64 100 114  60  50 106  80  94  60 100  72  60 116
 133 196 130  63 151 110 112 141 116 164  60 164 186 172 140  89 134 128 182 156 110  66  50 111 100 154  22  70  14 178 176
 154 200 100  72  50 158 186 110 120 144 108 120 130  94  72  64 150  90 150 140  50 146 164  58 1081000  28 158 210  70 156
 166  60 133 110 194  53  44  60 150  67 121 100 182  30 157 204 180  80  10
 107 168 111  40 130  94  84 120  88 136  44 138 158 144 120  63 106 100 155 128  90  41  36  85  72 126  10  53  31 150 148
 131 172  81  44  31 130 158  90 100 116  80 101 111  70  44  36 131  72 131 122  22 120 138  31  80  281000 130 182  53 128
 138  44 110  92 166  30  20  50 130  41 100  84 154  22 132 176 152  63  36
  75  50 135 113  63 101  50 119  70  10 132  28  28  58  70  70  30  50  30  42 120 103 134  50  70  28 138 108 156  53  30
  53  42  94  94 112  56  63  82  70  58  50 132  90 100  86  98  92  97 141 100 111  72  84 107  70 158 1301000  63 130  14
  10 114 106 130  36 106 120 122  72  92 113 103  40 134 100  60  67 130 164
  94  14 150 158 120 163  98 130 102  53 174  80  40  50 130 130  78  86  60  58 144 150 180 111 114  56 190 169 212  41  36
 110  31 157 142 172  63  40 145 132  75 108 151 150 133 142 148 150 160 150 160 162  81  80 156 108 210 182  631000 169  58
  60 174 120 154  41 164 170 183 130 150 132 166  28 192 100  10  50 164 219
  78 155  60  22 154 136  80  72  67 131  10 150 153 122 147  84 100  85 160 111  41  31  20 101  60 116  50  98  80 130 138
 151 166 122  41  78 108 136 124 129  94  90  50 146  36  66  44 164 114  80 160  42  92 106  36  63  70  53 130 1691000 122
 140  92  66  40 163  70  36 100 156  72  53 128 142  75  94 160 128  10  80
  63  44 123 107  76 110  44 107  60  10 125  42  31  44  82  72  22  40  41  28 110  97 128  53  63  14 136 111 154  41  22
  67  44 101  88 114  42  50  90  80  44  50 121 100  90  84  94 104 103 129 111 108  58  70 102  60 156 128  14  58 1221000
  22 116  94 120  41 106 116 125  85  92 101 110  31 134  86  53  53 120 162
  85  50 145 122  60 103  60 129  80  14 142  22  22  64  70  78  40  60  20  50 130 113 144  56  80  36 147 114 164  58  31
  50  36  98 103 120  64  67  85  72  66  58 142  90 110  94 107  90 102 151 100 120  80  92 116  80 166 138  10  60 140  22
1000 120 116 140  28 114 129 128  70 100 123 107  41 142 108  60  72 140 172
 120 160 141  72  94  50  82 144 100 122  84 114 142 145  81  44  97 101 134 126 119  66  78  64  80 119  53  10  50 147 138
  98 156  40  63  14 132 157  50  63 121  66 133  70  94  40  53  90  30 160  80  50 130 150  58  90  60  44 114 174  92 116
 1201000 133 124 148  22  56  10  91  30 125  41 146  30 150 168 154 100  60
  31 110  30  70 156 160  70  14  42 103  75 133 120  70 154 102  80  58 134  70  28  70  85 106  58  81 111 134 140  80 100
 150 130 146  70 120  60  82 144 142  50  92  31 164  40  94  80 176 142  36 178  90  40  44  80  50 133 110 106 120  66  94
 116 1331000  36 130 111  90 142 162 103  14 155 100 130  28 111  72  58 143
  60 141  20  53 169 162  85  36  60 130  50 154 150 103 166 106 101  80 160 100  10  58  60 116  67 110  90 130 120 113 130
 165 160 148  64 111  91 116 148 150  80 102  10 170  36  92  72 186 142  40 184  75  72  80  67  63 110  92 130 154  40 120
 140 124  361000 160 102  72 133 174 100  22 156 130 113  64 144 106  30 120
 100  36 160 147  80 129  84 141 100  31 166  41  10  67  91 106  62  80  20  60 150 138 169  84 103  50 174 142 192  58  31
  70  10 125 129 148  72  64 111  98  80  86 160 113 130 122 133 110 130 163 120 147  91  98 142 101 194 166  36  41 163  41
  28 148 130 1601000 142 155 156  90 128 140 133  36 170 115  44  72 161 200
 100 150 119  50 100  66  66 122  80 112  64 111 134 129  90  36  86  85 130 110  97  44  58  58  60 108  40  28  50 132 128
 101 148  53  41  10 116 141  60  70 104  56 111  82  72  22  31 101  44 138  94  28 110 130  36  70  53  30 106 164  70 106
 114  22 111 102 1421000  36  31 100  14 103  58 136  28 130 158 138  78  58
  89 156  92  20 130 102  72 100  72 124  28 132 146 128 121  60  94  84 147 112  70  22  22  80  56 114  22  64  50 134 136
 130 160  89  28  42 114 142  94 101 100  72  82 116  50  40  22 135  80 111 129  10 102 120  14  64  44  20 120 170  36 116
 129  56  90  72 155  361000  64 131  41  80  94 142  41 113 162 136  44  53
 130 169 150  80  97  50  92 153 110 130  92 120 150 154  84  53 106 111 140 135 128  75  84  72  90 128  58  14  50 156 147
 102 164  41  72  22 142 166  53  67 131  75 142  70 103  50  62  90  31 169  80  58 140 160  66 100  60  50 122 183 100 125
 128  10 142 133 156  31  641000  94  40 134  40 155  31 160 177 164 108  60
 134 120 186 135  10  50  92 176 120  82 153  50  90 129  10  72  86 106  70 111 166 125 152  58 108  98 140  82 141 125 101
  20 100  53 116 100 125 135  41  30 122  72 180  28 138  92 113  20  63 198  31 121 136 152 122 114 150 130  72 130 156  85
  70  91 162 174  90 100 131  941000  90 164  58 110 121 164 130 138 160 152
  90 136 116  50  90  64  53 117  70  98  67  97 120 116  80  22  72  72 116  97  94  42  62  44  50  94  50  31  64 119 114
  90 134  50  36  22 103 128  53  60  92  42 108  75  67  10  28  94  42 133  89  31 100 120  36  60  67  41  92 150  72  92
 100  30 103 100 128  14  41  40  901000  98  56 122  42 120 144 125  78  72
  40 120  22  60 158 158  72  20  44 110  63 138 130  81 156 100  85  63 141  80  14  60  72 106  56  90 100 129 130  91 110
 152 140 144  62 112  70  94 142 140  60  92  20 162  31  89  72 176 138  36 176  80  50  58  70  50 121 100 113 132  53 101
 123 125  14  22 140 103  80 134 164  981000 152 110 120  42 122  84  44 131
 135 153 172 106  64  10  91 169 116 113 122  94 129 150  50  53 100 110 116 130 150  98 116  60  97 120  94  31  90 150 132
  70 142  10  92  53 140 160  22  36 130  70 164  31 122  64  84  50  14 188  40  86 141 160  92 106 100  84 103 166 128 110
 107  41 155 156 133  58  94  40  58  56 1521000 141  70 166 163 160 134 100
  70  14 130 130 100 140  70 110  75  30 147  63  28  31 110 102  50  58  50  31 120 122 152  84  86  28 162 142 184  22  10
  91  31 132 114 144  40  28 120 110  50  80 130 130 106 114 120 130 134 130 140 134  60  62 128  80 182 154  40  28 142  31
  41 146 100 130  36 136 142 155 110 122 110 1411000 164  81  22  36 138 191
 122 178 132  60 123  80  94 140 103 140  66 138 162 155 111  64 114 111 158 138 110  60  58  86  85 136  28  40  22 160 156
 126 176  70  60  22 142 169  80  92 129  84 123 100  90  50  50 120  60 151 110  40 135 154  50  94  30  22 134 192  75 134
 142  30 130 113 170  28  41  31 121  42 120  70 1641000 150 186 164  85  31
  31  90  53  94 156 169  75  31  50  94 102 128 106  50 158 113  78  58 124  58  56  91 111 111  70  72 135 150 163  60  84
 148 112 157  90 140  44  60 150 146  42  97  58 168  63 110 100 180 154  50 182 111  28  20 101  60 157 132 100 100  94  86
 108 150  28  64 115 130 113 160 164 120  42 166  81 1501000  90  50  86 167
  84  10 140 150 120 161  92 120  94  50 166  80  41  41 130 124  72  78  63  50 134 142 172 106 106  50 183 164 206  31  31
 110  36 154 134 166  53  30 142 130  66 102 142 150 124 136 141 150 156 140 160 155  72  70 148 100 204 176  60  10 160  53
  60 168 111 144  44 158 162 177 130 144 122 163  22 186  901000  40 155 212
  50  41 100 120 129 160  72  80  64  58 134  94  64  10 135 111  60  53  84  30  98 114 141 100  80  41 158 152 182  14  42
 120  67 150 108 147  22  10 140 130  36  90 103 152  92 116 116 157 150 100 164 130  36  30 122  72 180 152  67  50 128  53
  72 154  72 106  72 138 136 164 138 125  84 160  36 164  50  401000 122 188
  72 150  50  28 157 142  80  62  62 130  20 150 151 116 151  88 100  81 160 106  31  36  30 104  60 112  60 106  90 124 134
 154 162 128  44  86 102 130 130 133  89  92  40 152  31  72  50 169 120  70 166  50  86  98  42  60  80  63 130 164  10 120
 140 100  58  30 161  78  44 108 160  78  44 134 138  85  86 155 1221000  90
 143 205 140  72 155 110 120 151 125 170  70 170 192 180 143  94 141 136 188 164 120  76  60 116 108 162  31  70  10 186 183
 158 206 100  80  53 166 194 111 123 152 114 130 130 104  78  72 150  90 160 140  58 156 174  67 116  10  36 164 219  80 162
 172  60 143 120 200  58  53  60 152  72 131 100 191  31 167 212 188  901000
